Date,Open,High,Low,Close,Adj Close,Volume
2021-08-16,2.380000114440918,2.4700000286102295,2.319999933242798,2.4700000286102295,2.4700000286102295,12418418
2021-08-17,2.5899999141693115,2.5899999141693115,2.5899999141693115,2.5899999141693115,2.5899999141693115,3022930
2021-08-18,2.7200000286102295,2.7200000286102295,2.4700000286102295,2.5899999141693115,2.5899999141693115,68245071
2021-08-19,2.490000009536743,2.640000104904175,2.4600000381469727,2.4800000190734863,2.4800000190734863,40806320
2021-08-20,2.440000057220459,2.4800000190734863,2.359999895095825,2.440000057220459,2.440000057220459,31157757
2021-08-23,2.440000057220459,2.440000057220459,2.440000057220459,2.440000057220459,2.440000057220459,0
2021-08-24,2.559999942779541,2.559999942779541,2.559999942779541,2.559999942779541,2.559999942779541,2798942
2021-08-25,2.690000057220459,2.690000057220459,2.4600000381469727,2.4700000286102295,2.4700000286102295,58816905
2021-08-26,2.440000057220459,2.5899999141693115,2.4000000953674316,2.5899999141693115,2.5899999141693115,42461048
2021-08-27,2.559999942779541,2.7200000286102295,2.5399999618530273,2.7200000286102295,2.7200000286102295,32361440
2021-08-30,2.859999895095825,2.859999895095825,2.809999942779541,2.859999895095825,2.859999895095825,9045691
2021-08-31,3.0,3.0,2.859999895095825,2.869999885559082,2.869999885559082,77851141
2021-09-01,2.8499999046325684,2.859999895095825,2.7300000190734863,2.7300000190734863,2.7300000190734863,46806077
2021-09-02,2.690000057220459,2.8499999046325684,2.6600000858306885,2.759999990463257,2.759999990463257,28524681
2021-09-03,2.75,2.75,2.619999885559082,2.619999885559082,2.619999885559082,34341127
2021-09-06,2.569999933242798,2.619999885559082,2.5,2.5899999141693115,2.5899999141693115,23239037
2021-09-07,2.569999933242798,2.690000057220459,2.5299999713897705,2.619999885559082,2.619999885559082,21371314
2021-09-08,2.569999933242798,2.619999885559082,2.5399999618530273,2.5799999237060547,2.5799999237060547,18043417
2021-09-09,2.630000114440918,2.7100000381469727,2.609999895095825,2.7100000381469727,2.7100000381469727,23320288
2021-09-10,2.740000009536743,2.7699999809265137,2.5999999046325684,2.5999999046325684,2.5999999046325684,26230846
2021-09-13,2.559999942779541,2.609999895095825,2.5399999618530273,2.569999933242798,2.569999933242798,17804522
2021-09-14,2.5899999141693115,2.640000104904175,2.490000009536743,2.5199999809265137,2.5199999809265137,19179680
2021-09-15,2.4700000286102295,2.5999999046325684,2.4700000286102295,2.549999952316284,2.549999952316284,13933940
2021-09-16,2.5399999618530273,2.680000066757202,2.5199999809265137,2.680000066757202,2.680000066757202,25289421
2021-09-17,2.6500000953674316,2.690000057220459,2.549999952316284,2.569999933242798,2.569999933242798,21233487
2021-09-22,2.509999990463257,2.5299999713897705,2.440000057220459,2.490000009536743,2.490000009536743,19304327
2021-09-23,2.490000009536743,2.549999952316284,2.450000047683716,2.4700000286102295,2.4700000286102295,12745500
2021-09-24,2.4700000286102295,2.569999933242798,2.450000047683716,2.4800000190734863,2.4800000190734863,13135091
2021-09-27,2.4700000286102295,2.490000009536743,2.359999895095825,2.359999895095825,2.359999895095825,17359900
2021-09-28,2.369999885559082,2.4800000190734863,2.3499999046325684,2.4800000190734863,2.4800000190734863,20274130
2021-09-29,2.4100000858306885,2.430000066757202,2.359999895095825,2.359999895095825,2.359999895095825,15844303
2021-09-30,2.3499999046325684,2.4000000953674316,2.3399999141693115,2.390000104904175,2.390000104904175,7369343
2021-10-08,2.440000057220459,2.5,2.4200000762939453,2.4700000286102295,2.4700000286102295,13514800
2021-10-11,2.4700000286102295,2.5199999809265137,2.4100000858306885,2.490000009536743,2.490000009536743,11722243
2021-10-12,2.4600000381469727,2.559999942779541,2.4200000762939453,2.450000047683716,2.450000047683716,15674361
2021-10-13,2.4200000762939453,2.4700000286102295,2.3299999237060547,2.3499999046325684,2.3499999046325684,10971040
2021-10-14,2.3399999141693115,2.4100000858306885,2.319999933242798,2.359999895095825,2.359999895095825,6805000
2021-10-15,2.3499999046325684,2.3499999046325684,2.25,2.259999990463257,2.259999990463257,13807926
2021-10-18,2.240000009536743,2.299999952316284,2.2300000190734863,2.2799999713897705,2.2799999713897705,6530960
2021-10-19,2.2799999713897705,2.3499999046325684,2.259999990463257,2.299999952316284,2.299999952316284,7487748
2021-10-20,2.299999952316284,2.309999942779541,2.259999990463257,2.2699999809265137,2.2699999809265137,5289125
2021-10-21,2.2799999713897705,2.3299999237060547,2.2699999809265137,2.2799999713897705,2.2799999713897705,5886760
2021-10-22,2.2699999809265137,2.309999942779541,2.2300000190734863,2.309999942779541,2.309999942779541,7524142
2021-10-25,2.2899999618530273,2.380000114440918,2.2899999618530273,2.3399999141693115,2.3399999141693115,8587880
2021-10-26,2.319999933242798,2.3399999141693115,2.299999952316284,2.299999952316284,2.299999952316284,5322960
2021-10-27,2.3299999237060547,2.3399999141693115,2.25,2.2699999809265137,2.2699999809265137,7576950
2021-10-28,2.259999990463257,2.259999990463257,2.1600000858306885,2.1600000858306885,2.1600000858306885,10939901
2021-10-29,2.1600000858306885,2.2300000190734863,2.130000114440918,2.2100000381469727,2.2100000381469727,6005340
2021-11-01,2.190000057220459,2.2100000381469727,2.1500000953674316,2.180000066757202,2.180000066757202,5570160
2021-11-02,2.180000066757202,2.190000057220459,2.119999885559082,2.130000114440918,2.130000114440918,5781950
2021-11-03,2.140000104904175,2.2300000190734863,2.130000114440918,2.190000057220459,2.190000057220459,7575640
2021-11-04,2.2100000381469727,2.2100000381469727,2.1600000858306885,2.200000047683716,2.200000047683716,5456072
2021-11-05,2.190000057220459,2.2699999809265137,2.180000066757202,2.240000009536743,2.240000009536743,11433901
2021-11-08,2.259999990463257,2.3499999046325684,2.25,2.3499999046325684,2.3499999046325684,7584442
2021-11-09,2.359999895095825,2.450000047683716,2.319999933242798,2.3499999046325684,2.3499999046325684,14641321
2021-11-10,2.3499999046325684,2.359999895095825,2.299999952316284,2.3299999237060547,2.3299999237060547,8315687
2021-11-11,2.319999933242798,2.4000000953674316,2.299999952316284,2.3299999237060547,2.3299999237060547,8116220
2021-11-12,2.309999942779541,2.3299999237060547,2.2799999713897705,2.2799999713897705,2.2799999713897705,7920020
2021-11-15,2.259999990463257,2.259999990463257,2.1700000762939453,2.2200000286102295,2.2200000286102295,11890047
2021-11-16,2.200000047683716,2.240000009536743,2.190000057220459,2.2100000381469727,2.2100000381469727,6611420
2021-11-17,2.190000057220459,2.2799999713897705,2.1700000762939453,2.2300000190734863,2.2300000190734863,8481043
2021-11-18,2.2300000190734863,2.2799999713897705,2.2200000286102295,2.240000009536743,2.240000009536743,7709560
2021-11-19,2.2300000190734863,2.3499999046325684,2.2100000381469727,2.3499999046325684,2.3499999046325684,13812420
2021-11-22,2.390000104904175,2.4000000953674316,2.2899999618530273,2.3399999141693115,2.3399999141693115,15019320
2021-11-23,2.3399999141693115,2.369999885559082,2.2899999618530273,2.319999933242798,2.319999933242798,10146529
2021-11-24,2.309999942779541,2.3499999046325684,2.309999942779541,2.309999942779541,2.309999942779541,7093640
2021-11-25,2.309999942779541,2.369999885559082,2.309999942779541,2.369999885559082,2.369999885559082,9972960
2021-11-26,2.3399999141693115,2.4700000286102295,2.3399999141693115,2.3399999141693115,2.3399999141693115,14000112
2021-11-29,2.309999942779541,2.3499999046325684,2.2799999713897705,2.309999942779541,2.309999942779541,7662700
2021-11-30,2.309999942779541,2.380000114440918,2.299999952316284,2.359999895095825,2.359999895095825,8799740
2021-12-01,2.3499999046325684,2.4800000190734863,2.3399999141693115,2.4800000190734863,2.4800000190734863,18397647
2021-12-02,2.509999990463257,2.5999999046325684,2.490000009536743,2.490000009536743,2.490000009536743,41607457
2021-12-03,2.4600000381469727,2.5399999618530273,2.4200000762939453,2.4800000190734863,2.4800000190734863,19286520
2021-12-06,2.450000047683716,2.5999999046325684,2.450000047683716,2.559999942779541,2.559999942779541,20426829
2021-12-07,2.559999942779541,2.690000057220459,2.5399999618530273,2.680000066757202,2.680000066757202,35205043
2021-12-08,2.690000057220459,2.7100000381469727,2.549999952316284,2.549999952316284,2.549999952316284,31909124
2021-12-09,2.509999990463257,2.569999933242798,2.4200000762939453,2.4700000286102295,2.4700000286102295,22205811
2021-12-10,2.4600000381469727,2.5199999809265137,2.440000057220459,2.509999990463257,2.509999990463257,12107782
2021-12-13,2.490000009536743,2.5,2.4100000858306885,2.440000057220459,2.440000057220459,13854200
2021-12-14,2.440000057220459,2.4800000190734863,2.430000066757202,2.450000047683716,2.450000047683716,7585700
2021-12-15,2.450000047683716,2.569999933242798,2.450000047683716,2.5299999713897705,2.5299999713897705,13948817
2021-12-16,2.5399999618530273,2.569999933242798,2.490000009536743,2.5399999618530273,2.5399999618530273,12219077
2021-12-17,2.5199999809265137,2.6700000762939453,2.509999990463257,2.5799999237060547,2.5799999237060547,18253540
2021-12-20,2.569999933242798,2.690000057220459,2.549999952316284,2.640000104904175,2.640000104904175,18713385
2021-12-21,2.5999999046325684,2.6600000858306885,2.559999942779541,2.609999895095825,2.609999895095825,13621120
2021-12-22,2.609999895095825,2.700000047683716,2.5799999237060547,2.5899999141693115,2.5899999141693115,14751204
2021-12-23,2.559999942779541,2.5799999237060547,2.5199999809265137,2.5299999713897705,2.5299999713897705,12409901
2021-12-24,2.509999990463257,2.5299999713897705,2.430000066757202,2.4700000286102295,2.4700000286102295,11511687
2021-12-27,2.5,2.5399999618530273,2.4700000286102295,2.5199999809265137,2.5199999809265137,7375080
2021-12-28,2.509999990463257,2.5399999618530273,2.4800000190734863,2.5,2.5,4966480
2021-12-29,2.490000009536743,2.5999999046325684,2.450000047683716,2.559999942779541,2.559999942779541,10448500
2021-12-30,2.5399999618530273,2.619999885559082,2.5299999713897705,2.5899999141693115,2.5899999141693115,8321501
2021-12-31,2.569999933242798,2.630000114440918,2.559999942779541,2.5999999046325684,2.5999999046325684,6428367
2022-01-04,2.630000114440918,2.640000104904175,2.569999933242798,2.5899999141693115,2.5899999141693115,11374940
2022-01-05,2.569999933242798,2.5899999141693115,2.5,2.549999952316284,2.549999952316284,11476984
2022-01-06,2.5299999713897705,2.609999895095825,2.5199999809265137,2.5999999046325684,2.5999999046325684,8676504
2022-01-07,2.609999895095825,2.6700000762939453,2.549999952316284,2.619999885559082,2.619999885559082,12830160
2022-01-10,2.5899999141693115,2.680000066757202,2.5799999237060547,2.619999885559082,2.619999885559082,7813721
2022-01-11,2.5999999046325684,2.680000066757202,2.5999999046325684,2.640000104904175,2.640000104904175,11075607
2022-01-12,2.640000104904175,2.6700000762939453,2.5999999046325684,2.609999895095825,2.609999895095825,8260580
2022-01-13,2.609999895095825,2.640000104904175,2.5199999809265137,2.5199999809265137,2.5199999809265137,10853400
2022-01-14,2.5199999809265137,2.5299999713897705,2.440000057220459,2.450000047683716,2.450000047683716,9341592
2022-01-17,2.440000057220459,2.4800000190734863,2.430000066757202,2.450000047683716,2.450000047683716,5646500
2022-01-18,2.490000009536743,2.5199999809265137,2.440000057220459,2.4600000381469727,2.4600000381469727,5806972
2022-01-19,2.450000047683716,2.4800000190734863,2.4000000953674316,2.4100000858306885,2.4100000858306885,8901300
2022-01-20,2.4200000762939453,2.430000066757202,2.319999933242798,2.3299999237060547,2.3299999237060547,7515980
2022-01-21,2.3299999237060547,2.369999885559082,2.2799999713897705,2.3299999237060547,2.3299999237060547,5548060
2022-01-24,2.319999933242798,2.369999885559082,2.319999933242798,2.359999895095825,2.359999895095825,3259100
2022-01-25,2.3499999046325684,2.369999885559082,2.2699999809265137,2.2699999809265137,2.2699999809265137,5425240
2022-01-26,2.2799999713897705,2.319999933242798,2.2699999809265137,2.299999952316284,2.299999952316284,3642921
2022-01-27,2.299999952316284,2.309999942779541,2.2100000381469727,2.2100000381469727,2.2100000381469727,5031480
2022-01-28,2.2200000286102295,2.2799999713897705,2.2100000381469727,2.2799999713897705,2.2799999713897705,3778700
2022-02-07,2.2899999618530273,2.390000104904175,2.2899999618530273,2.390000104904175,2.390000104904175,9529260
2022-02-08,2.390000104904175,2.4100000858306885,2.3499999046325684,2.4000000953674316,2.4000000953674316,5562740
2022-02-09,2.390000104904175,2.440000057220459,2.359999895095825,2.430000066757202,2.430000066757202,5477400
2022-02-10,2.4200000762939453,2.4200000762939453,2.359999895095825,2.390000104904175,2.390000104904175,5013942
2022-02-11,2.380000114440918,2.390000104904175,2.319999933242798,2.3299999237060547,2.3299999237060547,5515203
2022-02-14,2.3399999141693115,2.380000114440918,2.319999933242798,2.359999895095825,2.359999895095825,4127026
2022-02-15,2.359999895095825,2.4200000762939453,2.3299999237060547,2.4100000858306885,2.4100000858306885,6574606
2022-02-16,2.390000104904175,2.4200000762939453,2.369999885559082,2.4000000953674316,2.4000000953674316,3910934
2022-02-17,2.4000000953674316,2.450000047683716,2.390000104904175,2.4200000762939453,2.4200000762939453,4992800
2022-02-18,2.4200000762939453,2.450000047683716,2.390000104904175,2.440000057220459,2.440000057220459,3668202
2022-02-21,2.430000066757202,2.509999990463257,2.4000000953674316,2.4700000286102295,2.4700000286102295,6752110
2022-02-22,2.490000009536743,2.569999933242798,2.450000047683716,2.5299999713897705,2.5299999713897705,12023742
2022-02-23,2.5299999713897705,2.569999933242798,2.4800000190734863,2.509999990463257,2.509999990463257,9288801
2022-02-24,2.509999990463257,2.609999895095825,2.4600000381469727,2.5299999713897705,2.5299999713897705,14672194
2022-02-25,2.5399999618530273,2.559999942779541,2.4800000190734863,2.5199999809265137,2.5199999809265137,6850767
2022-02-28,2.5,2.559999942779541,2.4800000190734863,2.549999952316284,2.549999952316284,8807603
2022-03-01,2.559999942779541,2.5799999237060547,2.5199999809265137,2.5399999618530273,2.5399999618530273,6494100
2022-03-02,2.5399999618530273,2.619999885559082,2.5399999618530273,2.5899999141693115,2.5899999141693115,12038437
2022-03-03,2.5999999046325684,2.6700000762939453,2.5799999237060547,2.5999999046325684,2.5999999046325684,9698337
2022-03-04,2.619999885559082,2.6500000953674316,2.549999952316284,2.609999895095825,2.609999895095825,7589053
2022-03-07,2.5999999046325684,2.630000114440918,2.549999952316284,2.5799999237060547,2.5799999237060547,5896800
2022-03-08,2.5899999141693115,2.5999999046325684,2.4700000286102295,2.4800000190734863,2.4800000190734863,8629281
2022-03-09,2.490000009536743,2.5,2.359999895095825,2.440000057220459,2.440000057220459,6306557
2022-03-10,2.440000057220459,2.509999990463257,2.4200000762939453,2.4800000190734863,2.4800000190734863,4772220
2022-03-11,2.4700000286102295,2.4800000190734863,2.390000104904175,2.4700000286102295,2.4700000286102295,4162480
2022-03-14,2.4600000381469727,2.5,2.4100000858306885,2.440000057220459,2.440000057220459,4523820
2022-03-15,2.440000057220459,2.440000057220459,2.319999933242798,2.3299999237060547,2.3299999237060547,8425714
2022-03-16,2.3499999046325684,2.390000104904175,2.2200000286102295,2.2899999618530273,2.2899999618530273,8683680
2022-03-17,2.309999942779541,2.3299999237060547,2.259999990463257,2.2699999809265137,2.2699999809265137,10017920
2022-03-18,2.259999990463257,2.3299999237060547,2.259999990463257,2.3299999237060547,2.3299999237060547,14161380
2022-03-21,2.319999933242798,2.359999895095825,2.2899999618530273,2.319999933242798,2.319999933242798,11638380
2022-03-22,2.299999952316284,2.299999952316284,2.240000009536743,2.2899999618530273,2.2899999618530273,13365574
2022-03-23,2.309999942779541,2.3499999046325684,2.2899999618530273,2.3299999237060547,2.3299999237060547,16783844
2022-03-24,2.319999933242798,2.3299999237060547,2.2300000190734863,2.240000009536743,2.240000009536743,15741460
2022-03-25,2.25,2.259999990463257,2.180000066757202,2.2200000286102295,2.2200000286102295,14689800
2022-03-28,2.2300000190734863,2.259999990463257,2.190000057220459,2.2300000190734863,2.2300000190734863,5578280
2022-03-29,2.2300000190734863,2.2899999618530273,2.2200000286102295,2.2899999618530273,2.2899999618530273,6406170
2022-03-30,2.2799999713897705,2.309999942779541,2.25,2.25,2.25,6574000
2022-03-31,2.240000009536743,2.2799999713897705,2.240000009536743,2.25,2.25,5346000
2022-04-01,2.259999990463257,2.3499999046325684,2.25,2.299999952316284,2.299999952316284,11270270
2022-04-06,2.299999952316284,2.369999885559082,2.2899999618530273,2.369999885559082,2.369999885559082,15158020
2022-04-07,2.359999895095825,2.4100000858306885,2.3399999141693115,2.369999885559082,2.369999885559082,9984480
2022-04-08,2.380000114440918,2.4200000762939453,2.359999895095825,2.380000114440918,2.380000114440918,12359326
2022-04-11,2.380000114440918,2.380000114440918,2.259999990463257,2.259999990463257,2.259999990463257,16799387
2022-04-12,2.259999990463257,2.309999942779541,2.25,2.299999952316284,2.299999952316284,15554571
2022-04-13,2.299999952316284,2.380000114440918,2.299999952316284,2.3399999141693115,2.3399999141693115,10331711
2022-04-14,2.359999895095825,2.369999885559082,2.309999942779541,2.3499999046325684,2.3499999046325684,7511700
2022-04-15,2.3399999141693115,2.4200000762939453,2.3299999237060547,2.380000114440918,2.380000114440918,9281972
2022-04-18,2.369999885559082,2.450000047683716,2.3499999046325684,2.440000057220459,2.440000057220459,8694104
2022-04-19,2.4000000953674316,2.4200000762939453,2.380000114440918,2.380000114440918,2.380000114440918,10543152
2022-04-20,2.369999885559082,2.390000104904175,2.259999990463257,2.259999990463257,2.259999990463257,17189344
2022-04-21,2.2699999809265137,2.2799999713897705,2.200000047683716,2.2300000190734863,2.2300000190734863,8355900
2022-04-22,2.2300000190734863,2.2899999618530273,2.2100000381469727,2.25,2.25,6706020
2022-04-25,2.180000066757202,2.2300000190734863,2.140000104904175,2.140000104904175,2.140000104904175,9412125
2022-04-26,2.109999895095825,2.119999885559082,2.0299999713897705,2.0299999713897705,2.0299999713897705,10043300
2022-04-27,1.940000057220459,1.9900000095367432,1.9299999475479126,1.9600000381469727,1.9600000381469727,11082040
2022-04-28,1.8600000143051147,1.8600000143051147,1.8600000143051147,1.8600000143051147,1.8600000143051147,2340400
2022-04-29,1.7699999809265137,1.8700000047683716,1.7699999809265137,1.8600000143051147,1.8600000143051147,32290560
2022-05-05,1.8200000524520874,1.850000023841858,1.7799999713897705,1.809999942779541,1.809999942779541,23692290
2022-05-06,1.7599999904632568,1.7899999618530273,1.7300000190734863,1.7599999904632568,1.7599999904632568,15083039
2022-05-09,1.75,1.850000023841858,1.75,1.850000023841858,1.850000023841858,8220700
2022-05-10,1.8700000047683716,1.8899999856948853,1.809999942779541,1.8300000429153442,1.8300000429153442,13734400
2022-05-11,1.7799999713897705,1.7999999523162842,1.7400000095367432,1.7400000095367432,1.7400000095367432,26405421
2022-05-12,1.7100000381469727,1.7100000381469727,1.649999976158142,1.649999976158142,1.649999976158142,19027514
2022-05-13,1.6399999856948853,1.7100000381469727,1.590000033378601,1.690000057220459,1.690000057220459,19034146
2022-05-16,1.7000000476837158,1.75,1.6699999570846558,1.7200000286102295,1.7200000286102295,12820186
2022-05-17,1.7200000286102295,1.7300000190734863,1.6699999570846558,1.7000000476837158,1.7000000476837158,8167020
2022-05-18,1.690000057220459,1.7400000095367432,1.6799999475479126,1.7200000286102295,1.7200000286102295,10154400
2022-05-19,1.690000057220459,1.7799999713897705,1.6699999570846558,1.7699999809265137,1.7699999809265137,12712380
2022-05-20,1.7699999809265137,1.8200000524520874,1.75,1.7899999618530273,1.7899999618530273,11889240
2022-05-23,1.8200000524520874,1.8799999952316284,1.809999942779541,1.840000033378601,1.840000033378601,9287820
2022-05-24,1.8300000429153442,1.8600000143051147,1.75,1.75,1.75,12707460
2022-05-25,1.75,1.809999942779541,1.7300000190734863,1.7899999618530273,1.7899999618530273,8696257
2022-05-26,1.809999942779541,1.8200000524520874,1.75,1.809999942779541,1.809999942779541,9709170
2022-05-27,1.7999999523162842,1.8200000524520874,1.7699999809265137,1.7899999618530273,1.7899999618530273,8097293
2022-05-30,1.7899999618530273,1.7899999618530273,1.7300000190734863,1.7599999904632568,1.7599999904632568,7712223
2022-05-31,1.7699999809265137,1.7799999713897705,1.7400000095367432,1.75,1.75,6556120
2022-06-01,1.7400000095367432,1.7899999618530273,1.7400000095367432,1.7699999809265137,1.7699999809265137,8700120
2022-06-02,1.7599999904632568,1.7799999713897705,1.7400000095367432,1.7599999904632568,1.7599999904632568,7362860
2022-06-06,1.7599999904632568,1.7699999809265137,1.6799999475479126,1.7000000476837158,1.7000000476837158,16226397
2022-06-07,1.7000000476837158,1.7100000381469727,1.6200000047683716,1.6799999475479126,1.6799999475479126,19218063
2022-06-08,1.6799999475479126,1.7400000095367432,1.659999966621399,1.7300000190734863,1.7300000190734863,16065395
2022-06-09,1.7200000286102295,1.7200000286102295,1.6699999570846558,1.6799999475479126,1.6799999475479126,9711225
2022-06-10,1.659999966621399,1.7200000286102295,1.649999976158142,1.7000000476837158,1.7000000476837158,7963000
2022-06-13,1.6799999475479126,1.7000000476837158,1.649999976158142,1.6699999570846558,1.6699999570846558,7375800
2022-06-14,1.659999966621399,1.6799999475479126,1.6299999952316284,1.6799999475479126,1.6799999475479126,8412109
2022-06-15,1.6699999570846558,1.7100000381469727,1.659999966621399,1.6799999475479126,1.6799999475479126,11899740
2022-06-16,1.6799999475479126,1.7000000476837158,1.649999976158142,1.6799999475479126,1.6799999475479126,10267980
2022-06-17,1.6699999570846558,1.7100000381469727,1.659999966621399,1.6799999475479126,1.6799999475479126,8775140
2022-06-20,1.6799999475479126,1.6799999475479126,1.649999976158142,1.659999966621399,1.659999966621399,10279460
2022-06-21,1.659999966621399,1.6799999475479126,1.6399999856948853,1.649999976158142,1.649999976158142,9692180
2022-06-22,1.649999976158142,1.659999966621399,1.6200000047683716,1.6200000047683716,1.6200000047683716,9754080
2022-06-23,1.6200000047683716,1.6200000047683716,1.5800000429153442,1.6100000143051147,1.6100000143051147,13466900
2022-06-24,1.600000023841858,1.6299999952316284,1.590000033378601,1.600000023841858,1.600000023841858,10546660
2022-06-27,1.600000023841858,1.600000023841858,1.5800000429153442,1.590000033378601,1.590000033378601,8548830
2022-06-28,1.600000023841858,1.6699999570846558,1.590000033378601,1.6699999570846558,1.6699999570846558,15727999
2022-06-29,1.690000057220459,1.7300000190734863,1.6399999856948853,1.649999976158142,1.649999976158142,20381876
2022-06-30,1.6200000047683716,1.659999966621399,1.6200000047683716,1.649999976158142,1.649999976158142,14782791
2022-07-01,1.6399999856948853,1.6699999570846558,1.6200000047683716,1.659999966621399,1.659999966621399,9981541
2022-07-04,1.659999966621399,1.6699999570846558,1.6299999952316284,1.649999976158142,1.649999976158142,9101341
2022-07-05,1.659999966621399,1.7300000190734863,1.649999976158142,1.6799999475479126,1.6799999475479126,13630027
2022-07-06,1.649999976158142,1.6799999475479126,1.6200000047683716,1.6799999475479126,1.6799999475479126,11472187
2022-07-07,1.6699999570846558,1.7200000286102295,1.659999966621399,1.6799999475479126,1.6799999475479126,10838877
2022-07-08,1.6799999475479126,1.7200000286102295,1.659999966621399,1.7100000381469727,1.7100000381469727,11699460
2022-07-11,1.690000057220459,1.7200000286102295,1.659999966621399,1.7100000381469727,1.7100000381469727,11679857
2022-07-12,1.75,1.7999999523162842,1.690000057220459,1.7000000476837158,1.7000000476837158,26343506
2022-07-13,1.6699999570846558,1.7799999713897705,1.659999966621399,1.7599999904632568,1.7599999904632568,18558806
2022-07-14,1.7599999904632568,1.7999999523162842,1.7400000095367432,1.7599999904632568,1.7599999904632568,13359721
2022-07-15,1.6699999570846558,1.7100000381469727,1.6699999570846558,1.6699999570846558,1.6699999570846558,16954800
2022-07-18,1.649999976158142,1.6699999570846558,1.600000023841858,1.649999976158142,1.649999976158142,12833360
2022-07-19,1.649999976158142,1.6799999475479126,1.6200000047683716,1.6699999570846558,1.6699999570846558,14752080
2022-07-20,1.6699999570846558,1.7000000476837158,1.659999966621399,1.690000057220459,1.690000057220459,18361120
2022-07-21,1.6799999475479126,1.7599999904632568,1.6699999570846558,1.7300000190734863,1.7300000190734863,22088640
2022-07-22,1.7200000286102295,1.7400000095367432,1.7000000476837158,1.7200000286102295,1.7200000286102295,13812682
2022-07-25,1.7300000190734863,1.809999942779541,1.7300000190734863,1.809999942779541,1.809999942779541,23300990
2022-07-26,1.809999942779541,1.899999976158142,1.7999999523162842,1.899999976158142,1.899999976158142,13261160
2022-07-27,2.0,2.0,1.8700000047683716,2.0,2.0,72990864
2022-07-28,2.0,2.0299999713897705,1.899999976158142,1.940000057220459,1.940000057220459,55981101
2022-07-29,1.899999976158142,1.940000057220459,1.840000033378601,1.840000033378601,1.840000033378601,39037951
2022-08-01,1.809999942779541,1.8700000047683716,1.7999999523162842,1.840000033378601,1.840000033378601,20609514
2022-08-02,1.8200000524520874,1.8200000524520874,1.75,1.75,1.75,23844748
2022-08-03,1.7400000095367432,1.840000033378601,1.7400000095367432,1.840000033378601,1.840000033378601,31406920
2022-08-04,1.8300000429153442,1.9199999570846558,1.8200000524520874,1.8700000047683716,1.8700000047683716,24525311
2022-08-05,1.8700000047683716,1.8799999952316284,1.7899999618530273,1.8200000524520874,1.8200000524520874,18738301
2022-08-08,1.7999999523162842,1.8600000143051147,1.7899999618530273,1.850000023841858,1.850000023841858,11875801
2022-08-09,1.8600000143051147,1.909999966621399,1.840000033378601,1.8700000047683716,1.8700000047683716,16172800
2022-08-10,1.8600000143051147,1.8700000047683716,1.809999942779541,1.8300000429153442,1.8300000429153442,12983480
2022-08-11,1.8300000429153442,1.9199999570846558,1.8300000429153442,1.8600000143051147,1.8600000143051147,17135797
2022-08-12,1.840000033378601,1.8899999856948853,1.840000033378601,1.8700000047683716,1.8700000047683716,13416680
2022-08-15,1.850000023841858,1.8799999952316284,1.840000033378601,1.8799999952316284,1.8799999952316284,13181140
2022-08-16,1.8700000047683716,1.9700000286102295,1.8700000047683716,1.9700000286102295,1.9700000286102295,22819622
2022-08-17,2.0299999713897705,2.0299999713897705,1.9199999570846558,1.9299999475479126,1.9299999475479126,30104888
2022-08-18,1.9500000476837158,1.9800000190734863,1.8899999856948853,1.899999976158142,1.899999976158142,16191326
2022-08-19,1.909999966621399,1.9500000476837158,1.8899999856948853,1.9199999570846558,1.9199999570846558,13830800
2022-08-22,1.9199999570846558,2.009999990463257,1.909999966621399,1.9800000190734863,1.9800000190734863,18807661
2022-08-23,1.9700000286102295,2.0399999618530273,1.9700000286102295,1.9800000190734863,1.9800000190734863,19057583
2022-08-24,1.9700000286102295,1.9800000190734863,1.899999976158142,1.9199999570846558,1.9199999570846558,17876222
2022-08-25,1.9299999475479126,2.009999990463257,1.909999966621399,1.9600000381469727,1.9600000381469727,21815280
2022-08-26,1.9500000476837158,1.9600000381469727,1.8700000047683716,1.8899999856948853,1.8899999856948853,19125700
2022-08-29,1.850000023841858,1.8899999856948853,1.8300000429153442,1.8700000047683716,1.8700000047683716,11991143
2022-08-30,1.8700000047683716,1.899999976158142,1.8300000429153442,1.8600000143051147,1.8600000143051147,14881109
2022-08-31,1.8600000143051147,1.8600000143051147,1.809999942779541,1.809999942779541,1.809999942779541,12389200
2022-09-01,1.7999999523162842,1.840000033378601,1.7999999523162842,1.809999942779541,1.809999942779541,10228170
2022-09-02,1.7999999523162842,1.8300000429153442,1.7899999618530273,1.8200000524520874,1.8200000524520874,6927560
2022-09-05,1.8200000524520874,1.899999976158142,1.809999942779541,1.8899999856948853,1.8899999856948853,15328269
2022-09-06,1.8799999952316284,1.8899999856948853,1.850000023841858,1.8799999952316284,1.8799999952316284,10546410
2022-09-07,1.8799999952316284,1.8799999952316284,1.840000033378601,1.8700000047683716,1.8700000047683716,9141556
2022-09-08,1.8600000143051147,1.8899999856948853,1.850000023841858,1.8700000047683716,1.8700000047683716,9424063
2022-09-09,1.8600000143051147,1.909999966621399,1.850000023841858,1.909999966621399,1.909999966621399,10448120
2022-09-13,1.909999966621399,1.9299999475479126,1.8899999856948853,1.899999976158142,1.899999976158142,7920800
2022-09-14,1.8799999952316284,1.9800000190734863,1.8700000047683716,1.940000057220459,1.940000057220459,18514820
2022-09-15,1.9299999475479126,1.9800000190734863,1.8899999856948853,1.9199999570846558,1.9199999570846558,15828148
2022-09-16,1.909999966621399,1.9199999570846558,1.8200000524520874,1.840000033378601,1.840000033378601,15477900
2022-09-19,1.8300000429153442,1.8300000429153442,1.7599999904632568,1.7799999713897705,1.7799999713897705,8156301
2022-09-20,1.7899999618530273,1.8200000524520874,1.7899999618530273,1.8200000524520874,1.8200000524520874,5414100
2022-09-21,1.809999942779541,1.850000023841858,1.7799999713897705,1.850000023841858,1.850000023841858,7478226
2022-09-22,1.8200000524520874,1.8600000143051147,1.8200000524520874,1.8200000524520874,1.8200000524520874,3992500
2022-09-23,1.809999942779541,1.8300000429153442,1.7599999904632568,1.7799999713897705,1.7799999713897705,9745340
2022-09-26,1.7599999904632568,1.7599999904632568,1.690000057220459,1.690000057220459,1.690000057220459,11763280
2022-09-27,1.6799999475479126,1.7300000190734863,1.6799999475479126,1.7200000286102295,1.7200000286102295,7343600
2022-09-28,1.7300000190734863,1.7599999904632568,1.7000000476837158,1.7100000381469727,1.7100000381469727,6832600
2022-09-29,1.7200000286102295,1.7400000095367432,1.690000057220459,1.7000000476837158,1.7000000476837158,6046920
2022-09-30,1.690000057220459,1.7200000286102295,1.659999966621399,1.7100000381469727,1.7100000381469727,5546708
2022-10-10,1.7200000286102295,1.7400000095367432,1.6699999570846558,1.7000000476837158,1.7000000476837158,6435668
2022-10-11,1.690000057220459,1.690000057220459,1.6200000047683716,1.6699999570846558,1.6699999570846558,7538000
2022-10-12,1.659999966621399,1.7000000476837158,1.649999976158142,1.7000000476837158,1.7000000476837158,5861500
2022-10-13,1.7000000476837158,1.7200000286102295,1.6799999475479126,1.7200000286102295,1.7200000286102295,6994238
2022-10-14,1.7200000286102295,1.75,1.7100000381469727,1.7300000190734863,1.7300000190734863,8505821
2022-10-17,1.7200000286102295,1.7599999904632568,1.7100000381469727,1.75,1.75,7326060
2022-10-18,1.75,1.7799999713897705,1.7400000095367432,1.7599999904632568,1.7599999904632568,6824020
2022-10-19,1.75,1.75,1.7100000381469727,1.7200000286102295,1.7200000286102295,7440940
2022-10-20,1.7100000381469727,1.7300000190734863,1.7000000476837158,1.7100000381469727,1.7100000381469727,4987600
2022-10-21,1.7100000381469727,1.7200000286102295,1.7000000476837158,1.7200000286102295,1.7200000286102295,4763180
2022-10-24,1.7200000286102295,1.7699999809265137,1.7100000381469727,1.7300000190734863,1.7300000190734863,10399420
2022-10-25,1.7100000381469727,1.7300000190734863,1.690000057220459,1.7100000381469727,1.7100000381469727,4611675
2022-10-26,1.7100000381469727,1.7400000095367432,1.7000000476837158,1.7400000095367432,1.7400000095367432,5589455
2022-10-27,1.7300000190734863,1.7599999904632568,1.7200000286102295,1.75,1.75,4968860
2022-10-28,1.7400000095367432,1.7400000095367432,1.6799999475479126,1.690000057220459,1.690000057220459,5587231
2022-10-31,1.690000057220459,1.7200000286102295,1.6699999570846558,1.7000000476837158,1.7000000476837158,3311680
2022-11-01,1.7100000381469727,1.7200000286102295,1.690000057220459,1.7100000381469727,1.7100000381469727,3619895
2022-11-02,1.7100000381469727,1.7300000190734863,1.7000000476837158,1.7200000286102295,1.7200000286102295,4879495
2022-11-03,1.7100000381469727,1.7200000286102295,1.690000057220459,1.7000000476837158,1.7000000476837158,6917420
2022-11-04,1.7000000476837158,1.7400000095367432,1.7000000476837158,1.7300000190734863,1.7300000190734863,7693124
2022-11-07,1.7300000190734863,1.7699999809265137,1.7200000286102295,1.7599999904632568,1.7599999904632568,9412770
2022-11-08,1.75,1.7799999713897705,1.75,1.7799999713897705,1.7799999713897705,7640840
2022-11-09,1.7799999713897705,1.7999999523162842,1.7599999904632568,1.7799999713897705,1.7799999713897705,17575110
2022-11-10,1.7599999904632568,1.7699999809265137,1.7000000476837158,1.75,1.75,18700422
2022-11-11,1.7599999904632568,1.7699999809265137,1.7400000095367432,1.75,1.75,15903340
2022-11-14,1.75,1.7599999904632568,1.7400000095367432,1.7400000095367432,1.7400000095367432,8129900
2022-11-15,1.7400000095367432,1.7699999809265137,1.7400000095367432,1.7599999904632568,1.7599999904632568,12202017
2022-11-16,1.7599999904632568,1.7999999523162842,1.7599999904632568,1.7899999618530273,1.7899999618530273,18273841
2022-11-17,1.7799999713897705,1.8300000429153442,1.7599999904632568,1.8200000524520874,1.8200000524520874,18662177
2022-11-18,1.8200000524520874,1.8300000429153442,1.7899999618530273,1.7999999523162842,1.7999999523162842,11579593
2022-11-21,1.7899999618530273,1.7999999523162842,1.7599999904632568,1.7699999809265137,1.7699999809265137,8464244
2022-11-22,1.7799999713897705,1.8300000429153442,1.7799999713897705,1.7999999523162842,1.7999999523162842,12412744
2022-11-23,1.7999999523162842,1.8200000524520874,1.75,1.7799999713897705,1.7799999713897705,12343624
2022-11-24,1.7799999713897705,1.809999942779541,1.7599999904632568,1.7999999523162842,1.7999999523162842,9786609
2022-11-25,1.7899999618530273,1.850000023841858,1.7799999713897705,1.840000033378601,1.840000033378601,13466293
2022-11-28,1.8300000429153442,1.9299999475479126,1.8200000524520874,1.8899999856948853,1.8899999856948853,21065800
2022-11-29,1.8799999952316284,1.909999966621399,1.8600000143051147,1.8899999856948853,1.8899999856948853,13753836
2022-11-30,1.8799999952316284,1.9700000286102295,1.8799999952316284,1.9299999475479126,1.9299999475479126,18752515
2022-12-01,1.9299999475479126,1.940000057220459,1.8899999856948853,1.909999966621399,1.909999966621399,13040540
2022-12-02,1.899999976158142,1.9500000476837158,1.8700000047683716,1.940000057220459,1.940000057220459,16668100
2022-12-05,1.9500000476837158,1.9700000286102295,1.909999966621399,1.9299999475479126,1.9299999475479126,18690720
2022-12-06,1.9199999570846558,1.9199999570846558,1.8899999856948853,1.8899999856948853,1.8899999856948853,9529180
2022-12-07,1.899999976158142,1.9299999475479126,1.8899999856948853,1.9299999475479126,1.9299999475479126,9363000
2022-12-08,1.9199999570846558,1.940000057220459,1.899999976158142,1.899999976158142,1.899999976158142,7301807
2022-12-09,1.8899999856948853,1.909999966621399,1.8700000047683716,1.8700000047683716,1.8700000047683716,8271900
2022-12-12,1.8700000047683716,1.9299999475479126,1.8700000047683716,1.8799999952316284,1.8799999952316284,8131887
2022-12-13,1.8700000047683716,1.899999976158142,1.8600000143051147,1.8799999952316284,1.8799999952316284,5249500
2022-12-14,1.8799999952316284,1.899999976158142,1.8600000143051147,1.8700000047683716,1.8700000047683716,5153900
2022-12-15,1.8600000143051147,1.8700000047683716,1.8300000429153442,1.8600000143051147,1.8600000143051147,5489420
2022-12-16,1.850000023841858,1.8600000143051147,1.7999999523162842,1.7999999523162842,1.7999999523162842,9184000
2022-12-19,1.7899999618530273,1.7999999523162842,1.7300000190734863,1.75,1.75,9997841
2022-12-20,1.75,1.7799999713897705,1.7300000190734863,1.7699999809265137,1.7699999809265137,5356225
2022-12-21,1.7899999618530273,1.7899999618530273,1.7300000190734863,1.75,1.75,5378200
2022-12-22,1.7599999904632568,1.7599999904632568,1.7200000286102295,1.7300000190734863,1.7300000190734863,5001520
2022-12-23,1.7200000286102295,1.7400000095367432,1.7100000381469727,1.7200000286102295,1.7200000286102295,4918700
2022-12-26,1.7300000190734863,1.75,1.7200000286102295,1.7300000190734863,1.7300000190734863,4891700
2022-12-27,1.7300000190734863,1.7300000190734863,1.7000000476837158,1.7300000190734863,1.7300000190734863,13453336
2022-12-28,1.7200000286102295,1.7300000190734863,1.6799999475479126,1.6799999475479126,1.6799999475479126,11189160
2022-12-29,1.6699999570846558,1.7000000476837158,1.649999976158142,1.6699999570846558,1.6699999570846558,7772900
2022-12-30,1.6699999570846558,1.6799999475479126,1.659999966621399,1.6799999475479126,1.6799999475479126,7610140
2023-01-03,1.6699999570846558,1.7200000286102295,1.659999966621399,1.7100000381469727,1.7100000381469727,7414840
2023-01-04,1.7100000381469727,1.75,1.7000000476837158,1.7300000190734863,1.7300000190734863,8000140
2023-01-05,1.7300000190734863,1.7400000095367432,1.7100000381469727,1.7300000190734863,1.7300000190734863,7002800
2023-01-06,1.7400000095367432,1.7799999713897705,1.7200000286102295,1.7300000190734863,1.7300000190734863,6484200
2023-01-09,1.7300000190734863,1.7400000095367432,1.7100000381469727,1.7300000190734863,1.7300000190734863,4710980
2023-01-10,1.7300000190734863,1.7400000095367432,1.7000000476837158,1.7200000286102295,1.7200000286102295,4768267
2023-01-11,1.7400000095367432,1.809999942779541,1.7300000190734863,1.809999942779541,1.809999942779541,12834300
2023-01-12,1.8600000143051147,1.8899999856948853,1.7899999618530273,1.7999999523162842,1.7999999523162842,26004780
2023-01-13,1.7899999618530273,1.850000023841858,1.7699999809265137,1.809999942779541,1.809999942779541,14401960
2023-01-16,1.7999999523162842,1.809999942779541,1.7799999713897705,1.7899999618530273,1.7899999618530273,7942423
2023-01-17,1.7899999618530273,1.7999999523162842,1.7400000095367432,1.7599999904632568,1.7599999904632568,9598700
2023-01-18,1.7699999809265137,1.809999942779541,1.7699999809265137,1.7899999618530273,1.7899999618530273,8237723
2023-01-19,1.7899999618530273,1.850000023841858,1.7699999809265137,1.8200000524520874,1.8200000524520874,8048860
2023-01-20,1.8200000524520874,1.840000033378601,1.8200000524520874,1.840000033378601,1.840000033378601,6761100
2023-01-30,1.8600000143051147,1.8799999952316284,1.840000033378601,1.850000023841858,1.850000023841858,9791160
2023-01-31,1.850000023841858,1.8899999856948853,1.840000033378601,1.8799999952316284,1.8799999952316284,9136668
2023-02-01,1.8799999952316284,1.899999976158142,1.8600000143051147,1.8899999856948853,1.8899999856948853,9580840
2023-02-02,1.8799999952316284,1.8799999952316284,1.8300000429153442,1.850000023841858,1.850000023841858,12703300
2023-02-03,1.8600000143051147,1.8899999856948853,1.8600000143051147,1.8700000047683716,1.8700000047683716,8625600
2023-02-06,1.8700000047683716,1.8700000047683716,1.840000033378601,1.850000023841858,1.850000023841858,4473200
2023-02-07,1.8600000143051147,1.8799999952316284,1.840000033378601,1.8700000047683716,1.8700000047683716,3819760
2023-02-08,1.8700000047683716,1.8899999856948853,1.8600000143051147,1.8700000047683716,1.8700000047683716,8125080
2023-02-09,1.8700000047683716,1.8899999856948853,1.8600000143051147,1.8899999856948853,1.8899999856948853,7766720
2023-02-10,1.8899999856948853,1.9600000381469727,1.8799999952316284,1.940000057220459,1.940000057220459,11312720
2023-02-13,1.940000057220459,2.0,1.940000057220459,1.9700000286102295,1.9700000286102295,13895140
2023-02-14,1.9900000095367432,2.0,1.9600000381469727,1.9700000286102295,1.9700000286102295,14851924
2023-02-15,1.9900000095367432,2.069999933242798,1.9800000190734863,2.0,2.0,13233280
2023-02-16,2.0199999809265137,2.0199999809265137,1.940000057220459,1.940000057220459,1.940000057220459,14995936
2023-02-17,1.9500000476837158,2.0399999618530273,1.9500000476837158,2.009999990463257,2.009999990463257,13094466
2023-02-20,2.009999990463257,2.0399999618530273,1.9600000381469727,1.9800000190734863,1.9800000190734863,12336987
2023-02-21,1.9800000190734863,2.0199999809265137,1.9700000286102295,1.9800000190734863,1.9800000190734863,5187987
2023-02-22,2.0,2.0,1.9700000286102295,1.9700000286102295,1.9700000286102295,4844964
2023-02-23,1.9700000286102295,2.0,1.9600000381469727,1.9700000286102295,1.9700000286102295,4001500
2023-02-24,1.9800000190734863,1.9800000190734863,1.899999976158142,1.9299999475479126,1.9299999475479126,10195600
2023-02-27,1.9199999570846558,1.940000057220459,1.909999966621399,1.9299999475479126,1.9299999475479126,3634160
2023-02-28,1.940000057220459,2.0299999713897705,1.9199999570846558,2.0299999713897705,2.0299999713897705,17210904
2023-03-01,2.0299999713897705,2.130000114440918,2.0199999809265137,2.059999942779541,2.059999942779541,15153611
2023-03-02,2.069999933242798,2.119999885559082,2.0399999618530273,2.0999999046325684,2.0999999046325684,12157143
2023-03-03,2.0799999237060547,2.119999885559082,2.049999952316284,2.049999952316284,2.049999952316284,6853900
2023-03-06,2.059999942779541,2.0999999046325684,2.0299999713897705,2.049999952316284,2.049999952316284,7815003
2023-03-07,2.049999952316284,2.059999942779541,2.0,2.0199999809265137,2.0199999809265137,8538920
2023-03-08,2.0,2.0799999237060547,2.0,2.069999933242798,2.069999933242798,7315820
2023-03-09,2.069999933242798,2.0999999046325684,2.059999942779541,2.0799999237060547,2.0799999237060547,5543463
2023-03-10,2.069999933242798,2.119999885559082,2.059999942779541,2.109999895095825,2.109999895095825,6718300
2023-03-13,2.109999895095825,2.119999885559082,2.0299999713897705,2.049999952316284,2.049999952316284,8473780
2023-03-14,2.069999933242798,2.069999933242798,2.009999990463257,2.0399999618530273,2.0399999618530273,6092900
2023-03-15,2.049999952316284,2.0799999237060547,2.0399999618530273,2.069999933242798,2.069999933242798,3409180
2023-03-16,2.049999952316284,2.069999933242798,2.0299999713897705,2.0299999713897705,2.0299999713897705,4197000
2023-03-17,2.0399999618530273,2.049999952316284,1.9900000095367432,2.009999990463257,2.009999990463257,7457770
2023-03-20,2.009999990463257,2.0199999809265137,1.9600000381469727,1.9700000286102295,1.9700000286102295,6326076
2023-03-21,1.9800000190734863,1.9900000095367432,1.9500000476837158,1.9600000381469727,1.9600000381469727,3410540
2023-03-22,1.9800000190734863,1.9900000095367432,1.9500000476837158,1.9700000286102295,1.9700000286102295,2284100
2023-03-23,1.9700000286102295,2.009999990463257,1.9700000286102295,1.9800000190734863,1.9800000190734863,2307141
2023-03-24,1.9800000190734863,2.0,1.9600000381469727,2.0,2.0,2018580
2023-03-27,1.9800000190734863,2.0799999237060547,1.9600000381469727,2.069999933242798,2.069999933242798,6337483
2023-03-28,2.069999933242798,2.069999933242798,2.0299999713897705,2.049999952316284,2.049999952316284,4583220
2023-03-29,2.059999942779541,2.069999933242798,2.009999990463257,2.009999990463257,2.009999990463257,4226200
2023-03-30,2.0,2.0199999809265137,1.9500000476837158,1.9600000381469727,1.9600000381469727,8655380
2023-03-31,1.9600000381469727,1.9900000095367432,1.940000057220459,1.9500000476837158,1.9500000476837158,6290580
2023-04-03,1.9500000476837158,2.0399999618530273,1.9500000476837158,2.009999990463257,2.009999990463257,7170020
2023-04-04,2.009999990463257,2.009999990463257,1.9600000381469727,1.9700000286102295,1.9700000286102295,4061940
2023-04-06,1.9900000095367432,1.9900000095367432,1.9600000381469727,1.9700000286102295,1.9700000286102295,3173660
2023-04-07,1.9700000286102295,2.009999990463257,1.9600000381469727,1.9900000095367432,1.9900000095367432,3220740
2023-04-10,1.9800000190734863,2.0,1.9600000381469727,1.9800000190734863,1.9800000190734863,2253000
2023-04-11,1.9800000190734863,1.9800000190734863,1.940000057220459,1.9700000286102295,1.9700000286102295,4360700
2023-04-12,1.9800000190734863,1.9800000190734863,1.940000057220459,1.9500000476837158,1.9500000476837158,3866700
2023-04-13,1.9500000476837158,1.9500000476837158,1.909999966621399,1.9299999475479126,1.9299999475479126,3684640
2023-04-14,1.9199999570846558,1.9299999475479126,1.909999966621399,1.9199999570846558,1.9199999570846558,2262520
2023-04-17,1.909999966621399,1.9299999475479126,1.899999976158142,1.909999966621399,1.909999966621399,1715303
2023-04-18,1.9299999475479126,1.9600000381469727,1.8899999856948853,1.8899999856948853,1.8899999856948853,5527800
2023-04-19,1.899999976158142,1.9299999475479126,1.8700000047683716,1.899999976158142,1.899999976158142,4472053
2023-04-20,1.899999976158142,1.909999966621399,1.8600000143051147,1.899999976158142,1.899999976158142,3505450
2023-04-21,1.899999976158142,1.899999976158142,1.8600000143051147,1.8700000047683716,1.8700000047683716,2314600
2023-04-24,1.8799999952316284,1.8799999952316284,1.7999999523162842,1.8200000524520874,1.8200000524520874,5024040
2023-04-25,1.8200000524520874,1.8200000524520874,1.75,1.75,1.75,4126480
2023-04-26,1.75,1.7899999618530273,1.75,1.7699999809265137,1.7699999809265137,4196691
2023-04-27,1.7899999618530273,1.7999999523162842,1.7799999713897705,1.7899999618530273,1.7899999618530273,2138400
2023-04-28,1.7899999618530273,1.8799999952316284,1.7799999713897705,1.8600000143051147,1.8600000143051147,4279600
2023-05-04,1.840000033378601,1.8600000143051147,1.8200000524520874,1.850000023841858,1.850000023841858,5009120
2023-05-05,1.8300000429153442,1.850000023841858,1.8200000524520874,1.8300000429153442,1.8300000429153442,3054140
2023-05-08,1.8200000524520874,1.8300000429153442,1.7799999713897705,1.809999942779541,1.809999942779541,3590040
2023-05-09,1.7999999523162842,1.7999999523162842,1.75,1.7699999809265137,1.7699999809265137,2087653
2023-05-10,1.7599999904632568,1.7999999523162842,1.75,1.7999999523162842,1.7999999523162842,2462550
2023-05-11,1.7999999523162842,1.8300000429153442,1.7899999618530273,1.8200000524520874,1.8200000524520874,2263281
2023-05-12,1.8200000524520874,1.8300000429153442,1.7699999809265137,1.7799999713897705,1.7799999713897705,2883800
2023-05-15,1.7699999809265137,1.7999999523162842,1.7699999809265137,1.7799999713897705,1.7799999713897705,2126720
2023-05-16,1.7799999713897705,1.7899999618530273,1.7400000095367432,1.75,1.75,2308100
2023-05-17,1.7599999904632568,1.7899999618530273,1.75,1.7699999809265137,1.7699999809265137,4672500
2023-05-18,1.7899999618530273,1.7899999618530273,1.75,1.7699999809265137,1.7699999809265137,5254105
2023-05-19,1.7699999809265137,1.7699999809265137,1.6799999475479126,1.690000057220459,1.690000057220459,13912863
2023-05-22,1.7000000476837158,1.7000000476837158,1.659999966621399,1.690000057220459,1.690000057220459,4168180
2023-05-23,1.6799999475479126,1.7200000286102295,1.6699999570846558,1.7100000381469727,1.7100000381469727,3961238
2023-05-24,1.7000000476837158,1.7200000286102295,1.6799999475479126,1.7000000476837158,1.7000000476837158,3453427
2023-05-25,1.7100000381469727,1.7200000286102295,1.6299999952316284,1.6799999475479126,1.6799999475479126,7841016
2023-05-26,1.6799999475479126,1.7100000381469727,1.6299999952316284,1.7000000476837158,1.7000000476837158,5374338
2023-05-29,1.690000057220459,1.75,1.690000057220459,1.7200000286102295,1.7200000286102295,4444201
2023-05-30,1.7300000190734863,1.7300000190734863,1.690000057220459,1.7200000286102295,1.7200000286102295,3004195
2023-05-31,1.7100000381469727,1.7300000190734863,1.7100000381469727,1.7200000286102295,1.7200000286102295,1652234
2023-06-01,1.7100000381469727,1.7200000286102295,1.659999966621399,1.6699999570846558,1.6699999570846558,3329257
2023-06-02,1.659999966621399,1.7400000095367432,1.659999966621399,1.7200000286102295,1.7200000286102295,3392431
2023-06-05,1.7100000381469727,1.75,1.7100000381469727,1.7400000095367432,1.7400000095367432,4262860
2023-06-06,1.7400000095367432,1.7400000095367432,1.7100000381469727,1.7300000190734863,1.7300000190734863,3281800
2023-06-07,1.7200000286102295,1.75,1.7100000381469727,1.75,1.75,5417500
2023-06-08,1.75,1.75,1.7300000190734863,1.7400000095367432,1.7400000095367432,3309600
2023-06-09,1.7400000095367432,1.7999999523162842,1.7300000190734863,1.7799999713897705,1.7799999713897705,4769660
2023-06-12,1.7799999713897705,1.7899999618530273,1.7000000476837158,1.75,1.75,4747911
2023-06-13,1.7400000095367432,1.7599999904632568,1.7200000286102295,1.75,1.75,2333480
2023-06-14,1.75,1.7799999713897705,1.7400000095367432,1.7599999904632568,1.7599999904632568,3582280
2023-06-15,1.7599999904632568,1.7699999809265137,1.7200000286102295,1.7400000095367432,1.7400000095367432,3972590
2023-06-16,1.7400000095367432,1.7599999904632568,1.7200000286102295,1.75,1.75,2127058
2023-06-19,1.7400000095367432,1.75,1.7300000190734863,1.7400000095367432,1.7400000095367432,1367020
2023-06-20,1.7300000190734863,1.75,1.690000057220459,1.7000000476837158,1.7000000476837158,2627300
2023-06-21,1.690000057220459,1.7100000381469727,1.6799999475479126,1.690000057220459,1.690000057220459,1133380
2023-06-26,1.6799999475479126,1.7100000381469727,1.6799999475479126,1.7000000476837158,1.7000000476837158,1646500
2023-06-27,1.690000057220459,1.7799999713897705,1.690000057220459,1.7599999904632568,1.7599999904632568,3460080
2023-06-28,1.75,1.75,1.7200000286102295,1.7300000190734863,1.7300000190734863,2567680
2023-06-29,1.7200000286102295,1.75,1.7200000286102295,1.7400000095367432,1.7400000095367432,2595173
2023-06-30,1.7300000190734863,1.7699999809265137,1.7300000190734863,1.75,1.75,2809404
2023-07-03,1.7400000095367432,1.7799999713897705,1.7400000095367432,1.7799999713897705,1.7799999713897705,2383740
2023-07-04,1.7699999809265137,1.7699999809265137,1.7599999904632568,1.7699999809265137,1.7699999809265137,2075800
2023-07-05,1.75,1.7799999713897705,1.7400000095367432,1.7599999904632568,1.7599999904632568,3375160
2023-07-06,1.7799999713897705,1.7799999713897705,1.75,1.7799999713897705,1.7799999713897705,4247612
2023-07-07,1.7699999809265137,1.7799999713897705,1.75,1.7699999809265137,1.7699999809265137,2990640
2023-07-10,1.7599999904632568,1.7699999809265137,1.75,1.7699999809265137,1.7699999809265137,2473333
2023-07-11,1.7699999809265137,1.7699999809265137,1.7400000095367432,1.7599999904632568,1.7599999904632568,2764983
2023-07-12,1.75,1.7599999904632568,1.7200000286102295,1.7300000190734863,1.7300000190734863,3109600
2023-07-13,1.7400000095367432,1.7400000095367432,1.7100000381469727,1.7300000190734863,1.7300000190734863,2852443
2023-07-14,1.7200000286102295,1.7400000095367432,1.7100000381469727,1.7300000190734863,1.7300000190734863,1284200
2023-07-17,1.8200000524520874,1.8200000524520874,1.7999999523162842,1.8200000524520874,1.8200000524520874,9059279
2023-07-18,1.8300000429153442,1.909999966621399,1.809999942779541,1.909999966621399,1.909999966621399,15137536
2023-07-19,1.909999966621399,1.9500000476837158,1.8799999952316284,1.909999966621399,1.909999966621399,13761340
2023-07-20,1.8799999952316284,1.909999966621399,1.8799999952316284,1.899999976158142,1.899999976158142,5134480
2023-07-21,1.8899999856948853,1.9600000381469727,1.8899999856948853,1.899999976158142,1.899999976158142,5815509
2023-07-24,1.8899999856948853,1.899999976158142,1.850000023841858,1.850000023841858,1.850000023841858,5143350
2023-07-25,1.8700000047683716,1.8799999952316284,1.850000023841858,1.8600000143051147,1.8600000143051147,3412650
2023-07-26,1.8700000047683716,1.8799999952316284,1.850000023841858,1.8799999952316284,1.8799999952316284,3455763
2023-07-27,1.8799999952316284,1.9500000476837158,1.8700000047683716,1.909999966621399,1.909999966621399,6059519
2023-07-28,1.9199999570846558,1.9500000476837158,1.899999976158142,1.9299999475479126,1.9299999475479126,4241291
2023-07-31,1.940000057220459,1.9600000381469727,1.909999966621399,1.9500000476837158,1.9500000476837158,5651232
2023-08-01,1.9600000381469727,1.9900000095367432,1.940000057220459,1.9600000381469727,1.9600000381469727,5385776
2023-08-02,1.9600000381469727,1.9600000381469727,1.9199999570846558,1.9299999475479126,1.9299999475479126,4991708
2023-08-03,1.9199999570846558,1.9500000476837158,1.909999966621399,1.9199999570846558,1.9199999570846558,3145420
2023-08-04,1.9299999475479126,1.940000057220459,1.8899999856948853,1.899999976158142,1.899999976158142,7042500
2023-08-07,1.899999976158142,1.9199999570846558,1.8899999856948853,1.909999966621399,1.909999966621399,2662976
2023-08-08,1.909999966621399,1.9500000476837158,1.909999966621399,1.9500000476837158,1.9500000476837158,3281040
2023-08-09,1.9600000381469727,1.9700000286102295,1.909999966621399,1.9299999475479126,1.9299999475479126,2807200
2023-08-10,1.9299999475479126,2.0199999809265137,1.9299999475479126,1.9900000095367432,1.9900000095367432,11609358
2023-08-11,1.9600000381469727,1.9700000286102295,1.899999976158142,1.9299999475479126,1.9299999475479126,7799880
2023-08-14,1.9199999570846558,1.9299999475479126,1.8899999856948853,1.9299999475479126,1.9299999475479126,3927400
2023-08-15,1.9299999475479126,1.9500000476837158,1.909999966621399,1.940000057220459,1.940000057220459,4127680
2023-08-16,1.9299999475479126,2.0199999809265137,1.9199999570846558,1.9600000381469727,1.9600000381469727,6697160
2023-08-17,1.9500000476837158,1.9700000286102295,1.9199999570846558,1.9500000476837158,1.9500000476837158,4447900
2023-08-18,1.940000057220459,2.009999990463257,1.940000057220459,2.0,2.0,11464200
2023-08-21,1.9900000095367432,2.0999999046325684,1.9800000190734863,2.009999990463257,2.009999990463257,12082850
2023-08-22,2.0,2.009999990463257,1.909999966621399,1.9500000476837158,1.9500000476837158,10521806
2023-08-23,1.940000057220459,1.940000057220459,1.8799999952316284,1.899999976158142,1.899999976158142,5528680
2023-08-24,1.899999976158142,1.909999966621399,1.8799999952316284,1.8799999952316284,1.8799999952316284,5015790
2023-08-25,1.8700000047683716,1.909999966621399,1.850000023841858,1.909999966621399,1.909999966621399,6333324
2023-08-28,1.9800000190734863,1.9800000190734863,1.8799999952316284,1.8899999856948853,1.8899999856948853,7295184
2023-08-29,1.8700000047683716,1.940000057220459,1.8700000047683716,1.940000057220459,1.940000057220459,5431019
2023-08-30,1.9299999475479126,1.9500000476837158,1.909999966621399,1.940000057220459,1.940000057220459,4286750
2023-08-31,1.940000057220459,1.940000057220459,1.899999976158142,1.9199999570846558,1.9199999570846558,3850450
2023-09-01,1.9199999570846558,1.9600000381469727,1.909999966621399,1.9500000476837158,1.9500000476837158,5471016
2023-09-04,1.9199999570846558,1.9600000381469727,1.9199999570846558,1.9600000381469727,1.9600000381469727,5986385
2023-09-05,1.9600000381469727,1.9700000286102295,1.9199999570846558,1.9299999475479126,1.9299999475479126,4076756
2023-09-06,1.9299999475479126,1.940000057220459,1.909999966621399,1.9199999570846558,1.9199999570846558,2323754
2023-09-07,1.9199999570846558,1.9299999475479126,1.8799999952316284,1.8899999856948853,1.8899999856948853,4580300
2023-09-08,1.8899999856948853,1.909999966621399,1.8899999856948853,1.899999976158142,1.899999976158142,4434684
2023-09-11,1.899999976158142,1.909999966621399,1.8799999952316284,1.8899999856948853,1.8899999856948853,3276660
2023-09-12,1.899999976158142,1.9199999570846558,1.8899999856948853,1.909999966621399,1.909999966621399,4143145
2023-09-13,1.899999976158142,1.909999966621399,1.8700000047683716,1.8799999952316284,1.8799999952316284,5405240
2023-09-14,1.8700000047683716,1.8799999952316284,1.8300000429153442,1.850000023841858,1.850000023841858,6988448
2023-09-15,1.850000023841858,1.8799999952316284,1.8300000429153442,1.8700000047683716,1.8700000047683716,4043898
2023-09-18,1.8700000047683716,1.9199999570846558,1.8600000143051147,1.899999976158142,1.899999976158142,6439322
2023-09-19,1.899999976158142,1.940000057220459,1.8899999856948853,1.9299999475479126,1.9299999475479126,6517767
2023-09-20,1.909999966621399,1.9800000190734863,1.909999966621399,1.9600000381469727,1.9600000381469727,10222339
2023-09-21,1.9500000476837158,1.9700000286102295,1.909999966621399,1.940000057220459,1.940000057220459,7468663
2023-09-22,1.940000057220459,2.0399999618530273,1.9299999475479126,1.9600000381469727,1.9600000381469727,14372906
2023-09-25,1.9299999475479126,1.9500000476837158,1.8799999952316284,1.8899999856948853,1.8899999856948853,8869250
2023-09-26,1.8799999952316284,1.9199999570846558,1.8700000047683716,1.8799999952316284,1.8799999952316284,3838007
2023-09-27,1.899999976158142,1.9199999570846558,1.8700000047683716,1.899999976158142,1.899999976158142,4114087
2023-09-28,1.9199999570846558,1.9600000381469727,1.899999976158142,1.9500000476837158,1.9500000476837158,5321899
2023-10-09,1.9600000381469727,2.049999952316284,1.9600000381469727,2.009999990463257,2.009999990463257,16133742
2023-10-10,2.0199999809265137,2.059999942779541,1.9800000190734863,1.9900000095367432,1.9900000095367432,10314362
2023-10-11,2.0,2.049999952316284,1.9800000190734863,2.0,2.0,6340882
2023-10-12,2.009999990463257,2.009999990463257,1.9800000190734863,2.0,2.0,4256545
2023-10-13,1.9900000095367432,2.0,1.9500000476837158,1.9700000286102295,1.9700000286102295,5649545
2023-10-16,1.9600000381469727,2.009999990463257,1.9500000476837158,2.0,2.0,6906499
2023-10-17,1.9900000095367432,2.0,1.9600000381469727,1.9800000190734863,1.9800000190734863,4061882
2023-10-18,1.9900000095367432,1.9900000095367432,1.8899999856948853,1.909999966621399,1.909999966621399,8283899
2023-10-19,1.8899999856948853,1.940000057220459,1.8799999952316284,1.909999966621399,1.909999966621399,3908340
2023-10-20,1.899999976158142,1.9600000381469727,1.899999976158142,1.9500000476837158,1.9500000476837158,6000712
2023-10-23,1.850000023841858,1.8899999856948853,1.850000023841858,1.850000023841858,1.850000023841858,10078320
2023-10-24,1.809999942779541,1.840000033378601,1.7799999713897705,1.8300000429153442,1.8300000429153442,9606740
2023-10-25,1.840000033378601,1.850000023841858,1.8200000524520874,1.8300000429153442,1.8300000429153442,5467300
2023-10-26,1.8200000524520874,1.8300000429153442,1.7799999713897705,1.809999942779541,1.809999942779541,5421200
2023-10-27,1.7899999618530273,1.840000033378601,1.7899999618530273,1.8200000524520874,1.8200000524520874,4547920
2023-10-30,1.809999942779541,1.850000023841858,1.809999942779541,1.840000033378601,1.840000033378601,2935165
2023-10-31,1.840000033378601,1.8700000047683716,1.8200000524520874,1.850000023841858,1.850000023841858,4947040
2023-11-01,1.850000023841858,1.8600000143051147,1.8300000429153442,1.850000023841858,1.850000023841858,2261280
2023-11-02,1.850000023841858,1.8799999952316284,1.8300000429153442,1.8600000143051147,1.8600000143051147,6081300
2023-11-03,1.850000023841858,1.8700000047683716,1.840000033378601,1.850000023841858,1.850000023841858,3279282
2023-11-06,1.850000023841858,1.8799999952316284,1.850000023841858,1.8700000047683716,1.8700000047683716,4699780
2023-11-07,1.8700000047683716,1.8700000047683716,1.840000033378601,1.8600000143051147,1.8600000143051147,3204170
2023-11-08,1.8600000143051147,1.8799999952316284,1.850000023841858,1.8600000143051147,1.8600000143051147,5661760
2023-11-09,1.8600000143051147,1.8700000047683716,1.8200000524520874,1.8200000524520874,1.8200000524520874,5575720
2023-11-10,1.809999942779541,1.850000023841858,1.7999999523162842,1.840000033378601,1.840000033378601,5426124
2023-11-13,1.840000033378601,1.8600000143051147,1.8300000429153442,1.850000023841858,1.850000023841858,3102346
2023-11-14,1.840000033378601,1.8600000143051147,1.840000033378601,1.850000023841858,1.850000023841858,2474704
2023-11-15,1.850000023841858,1.8899999856948853,1.850000023841858,1.8700000047683716,1.8700000047683716,5623422
2023-11-16,1.8600000143051147,1.9600000381469727,1.850000023841858,1.9600000381469727,1.9600000381469727,13465921
2023-11-17,2.059999942779541,2.059999942779541,2.0299999713897705,2.059999942779541,2.059999942779541,64301165
2023-11-20,2.1600000858306885,2.1600000858306885,2.059999942779541,2.1600000858306885,2.1600000858306885,125144385
2023-11-21,2.049999952316284,2.2699999809265137,2.049999952316284,2.2699999809265137,2.2699999809265137,84712614
2023-11-22,2.380000114440918,2.380000114440918,2.3399999141693115,2.380000114440918,2.380000114440918,23445444
2023-11-23,2.380000114440918,2.5,2.299999952316284,2.4100000858306885,2.4100000858306885,94594286
2023-11-24,2.440000057220459,2.5199999809265137,2.2899999618530273,2.2899999618530273,2.2899999618530273,74560180
2023-11-27,2.299999952316284,2.359999895095825,2.2300000190734863,2.3299999237060547,2.3299999237060547,50685321
2023-11-28,2.2899999618530273,2.3299999237060547,2.240000009536743,2.319999933242798,2.319999933242798,33600661
2023-11-29,2.3299999237060547,2.380000114440918,2.200000047683716,2.200000047683716,2.200000047683716,53636425
2023-11-30,2.1700000762939453,2.2300000190734863,2.130000114440918,2.200000047683716,2.200000047683716,37151158
2023-12-01,2.200000047683716,2.309999942779541,2.180000066757202,2.2899999618530273,2.2899999618530273,57111770
2023-12-04,2.2799999713897705,2.309999942779541,2.25,2.25,2.25,31117414
2023-12-05,2.25,2.319999933242798,2.2100000381469727,2.2200000286102295,2.2200000286102295,32138609
2023-12-06,2.2200000286102295,2.259999990463257,2.190000057220459,2.2100000381469727,2.2100000381469727,21819500
2023-12-07,2.2100000381469727,2.2799999713897705,2.200000047683716,2.2200000286102295,2.2200000286102295,22622693
2023-12-08,2.2300000190734863,2.25,2.200000047683716,2.2200000286102295,2.2200000286102295,18506480
2023-12-11,2.2200000286102295,2.2300000190734863,2.109999895095825,2.109999895095825,2.109999895095825,34239500
2023-12-12,2.0899999141693115,2.2200000286102295,2.0899999141693115,2.2200000286102295,2.2200000286102295,31693473
2023-12-13,2.2100000381469727,2.240000009536743,2.109999895095825,2.130000114440918,2.130000114440918,32402417
2023-12-14,2.140000104904175,2.200000047683716,2.119999885559082,2.190000057220459,2.190000057220459,28882581
2023-12-15,2.1700000762939453,2.180000066757202,2.0799999237060547,2.0799999237060547,2.0799999237060547,37019299
2023-12-18,1.9800000190734863,2.009999990463257,1.9800000190734863,1.9800000190734863,1.9800000190734863,38788713
2023-12-19,2.069999933242798,2.0799999237060547,2.0199999809265137,2.0799999237060547,2.0799999237060547,30310962
2023-12-20,2.180000066757202,2.180000066757202,2.180000066757202,2.180000066757202,2.180000066757202,728450
2023-12-21,2.2899999618530273,2.2899999618530273,2.2899999618530273,2.2899999618530273,2.2899999618530273,1337649
2023-12-22,2.4000000953674316,2.4000000953674316,2.2200000286102295,2.2799999713897705,2.2799999713897705,87846116
2023-12-25,2.2699999809265137,2.3299999237060547,2.180000066757202,2.2300000190734863,2.2300000190734863,43391543
2023-12-26,2.2100000381469727,2.259999990463257,2.1700000762939453,2.2100000381469727,2.2100000381469727,30720010
2023-12-27,2.2100000381469727,2.319999933242798,2.190000057220459,2.2699999809265137,2.2699999809265137,35822067
2023-12-28,2.25,2.259999990463257,2.200000047683716,2.2200000286102295,2.2200000286102295,29843164
2023-12-29,2.2200000286102295,2.3299999237060547,2.2100000381469727,2.3299999237060547,2.3299999237060547,35261438
2024-01-02,2.309999942779541,2.319999933242798,2.25,2.2899999618530273,2.2899999618530273,24719745
2024-01-03,2.2799999713897705,2.359999895095825,2.2699999809265137,2.2799999713897705,2.2799999713897705,20353400
2024-01-04,2.259999990463257,2.309999942779541,2.2300000190734863,2.2799999713897705,2.2799999713897705,17964135
2024-01-05,2.2799999713897705,2.309999942779541,2.2100000381469727,2.2300000190734863,2.2300000190734863,18081600
2024-01-08,2.190000057220459,2.190000057220459,2.119999885559082,2.119999885559082,2.119999885559082,21771746
2024-01-09,2.0999999046325684,2.1700000762939453,2.0999999046325684,2.1500000953674316,2.1500000953674316,13038595
2024-01-10,2.1600000858306885,2.1600000858306885,2.0899999141693115,2.109999895095825,2.109999895095825,12274919
2024-01-11,2.0899999141693115,2.1500000953674316,2.0399999618530273,2.119999885559082,2.119999885559082,14682420
2024-01-12,2.109999895095825,2.190000057220459,2.0999999046325684,2.1700000762939453,2.1700000762939453,19186987
2024-01-15,2.140000104904175,2.140000104904175,2.109999895095825,2.130000114440918,2.130000114440918,10629838
2024-01-16,2.130000114440918,2.140000104904175,2.0199999809265137,2.059999942779541,2.059999942779541,19327806
2024-01-17,2.059999942779541,2.1600000858306885,2.0399999618530273,2.119999885559082,2.119999885559082,22132355
2024-01-18,2.069999933242798,2.0899999141693115,2.0199999809265137,2.0799999237060547,2.0799999237060547,15980080
2024-01-19,2.059999942779541,2.140000104904175,2.049999952316284,2.119999885559082,2.119999885559082,15091971
2024-01-22,2.0799999237060547,2.0899999141693115,2.009999990463257,2.0199999809265137,2.0199999809265137,17686340
2024-01-23,1.9900000095367432,2.059999942779541,1.9800000190734863,2.0399999618530273,2.0399999618530273,13269980
2024-01-24,2.140000104904175,2.140000104904175,2.140000104904175,2.140000104904175,2.140000104904175,3276398
2024-01-25,2.200000047683716,2.200000047683716,2.069999933242798,2.0799999237060547,2.0799999237060547,33230956
2024-01-26,2.059999942779541,2.0799999237060547,2.0299999713897705,2.0399999618530273,2.0399999618530273,19672140
2024-01-29,2.0299999713897705,2.0399999618530273,1.940000057220459,1.940000057220459,1.940000057220459,17144800
2024-01-30,1.8799999952316284,1.9299999475479126,1.840000033378601,1.850000023841858,1.850000023841858,18064920
2024-01-31,1.8300000429153442,1.909999966621399,1.809999942779541,1.850000023841858,1.850000023841858,16763620
2024-02-01,1.8200000524520874,1.8700000047683716,1.809999942779541,1.8300000429153442,1.8300000429153442,11821570
2024-02-02,1.8300000429153442,1.8600000143051147,1.7400000095367432,1.7400000095367432,1.7400000095367432,14964400
2024-02-05,1.649999976158142,1.6699999570846558,1.649999976158142,1.649999976158142,1.649999976158142,3800900
2024-02-06,1.5700000524520874,1.6299999952316284,1.5700000524520874,1.5700000524520874,1.5700000524520874,21838358
2024-02-07,1.5800000429153442,1.590000033378601,1.4900000095367432,1.4900000095367432,1.4900000095367432,14869400
2024-02-08,1.4199999570846558,1.4600000381469727,1.4199999570846558,1.440000057220459,1.440000057220459,26575950
2024-02-19,1.4500000476837158,1.5099999904632568,1.3700000047683716,1.4900000095367432,1.4900000095367432,27909083
2024-02-20,1.4700000286102295,1.559999942779541,1.4700000286102295,1.559999942779541,1.559999942779541,16478450
2024-02-21,1.5499999523162842,1.6299999952316284,1.5199999809265137,1.5700000524520874,1.5700000524520874,22819540
2024-02-22,1.5399999618530273,1.590000033378601,1.5399999618530273,1.5800000429153442,1.5800000429153442,14868341
2024-02-23,1.5800000429153442,1.659999966621399,1.5700000524520874,1.659999966621399,1.659999966621399,23217640
2024-02-26,1.649999976158142,1.7200000286102295,1.6200000047683716,1.6699999570846558,1.6699999570846558,21493208
2024-02-27,1.659999966621399,1.7100000381469727,1.649999976158142,1.690000057220459,1.690000057220459,14844700
2024-02-28,1.7100000381469727,1.7300000190734863,1.6100000143051147,1.6100000143051147,1.6100000143051147,22401400
2024-02-29,1.5299999713897705,1.600000023841858,1.5299999713897705,1.600000023841858,1.600000023841858,15637889
2024-03-01,1.6100000143051147,1.6100000143051147,1.559999942779541,1.5700000524520874,1.5700000524520874,11155180
2024-03-04,1.5700000524520874,1.5700000524520874,1.5099999904632568,1.5399999618530273,1.5399999618530273,11009777
2024-03-05,1.5199999809265137,1.600000023841858,1.5,1.5800000429153442,1.5800000429153442,15904760
2024-03-06,1.559999942779541,1.649999976158142,1.5499999523162842,1.6299999952316284,1.6299999952316284,18064120
2024-03-07,1.6200000047683716,1.6399999856948853,1.559999942779541,1.5700000524520874,1.5700000524520874,13311200
2024-03-08,1.559999942779541,1.6100000143051147,1.559999942779541,1.600000023841858,1.600000023841858,8362201
2024-03-11,1.600000023841858,1.6299999952316284,1.590000033378601,1.6200000047683716,1.6200000047683716,8953100
2024-03-12,1.6100000143051147,1.6299999952316284,1.600000023841858,1.6200000047683716,1.6200000047683716,8999080
2024-03-13,1.6299999952316284,1.649999976158142,1.5700000524520874,1.590000033378601,1.590000033378601,11382906
2024-03-14,1.5800000429153442,1.6299999952316284,1.559999942779541,1.6299999952316284,1.6299999952316284,14404546
2024-03-15,1.6299999952316284,1.7000000476837158,1.6200000047683716,1.659999966621399,1.659999966621399,18459446
2024-03-18,1.659999966621399,1.6799999475479126,1.6299999952316284,1.6799999475479126,1.6799999475479126,13719241
2024-03-19,1.6699999570846558,1.7400000095367432,1.6699999570846558,1.7300000190734863,1.7300000190734863,19206861
2024-03-20,1.7200000286102295,1.7999999523162842,1.7100000381469727,1.7799999713897705,1.7799999713897705,14565303
2024-03-21,1.75,1.7799999713897705,1.690000057220459,1.690000057220459,1.690000057220459,19770218
2024-03-22,1.659999966621399,1.7000000476837158,1.649999976158142,1.6699999570846558,1.6699999570846558,11086701
2024-03-25,1.659999966621399,1.659999966621399,1.590000033378601,1.600000023841858,1.600000023841858,15265800
2024-03-26,1.5700000524520874,1.600000023841858,1.5499999523162842,1.5800000429153442,1.5800000429153442,9210740
2024-03-27,1.5700000524520874,1.6200000047683716,1.559999942779541,1.559999942779541,1.559999942779541,8157200
2024-03-28,1.5499999523162842,1.5800000429153442,1.5,1.5700000524520874,1.5700000524520874,9240740
2024-03-29,1.5700000524520874,1.5700000524520874,1.5099999904632568,1.5399999618530273,1.5399999618530273,8955101
2024-04-01,1.5399999618530273,1.5800000429153442,1.5399999618530273,1.5700000524520874,1.5700000524520874,6022000
2024-04-02,1.5800000429153442,1.590000033378601,1.559999942779541,1.5800000429153442,1.5800000429153442,7269200
2024-04-03,1.5800000429153442,1.590000033378601,1.5399999618530273,1.5700000524520874,1.5700000524520874,7172788
2024-04-08,1.559999942779541,1.5700000524520874,1.4900000095367432,1.4900000095367432,1.4900000095367432,9521400
2024-04-09,1.4800000190734863,1.5199999809265137,1.4700000286102295,1.5099999904632568,1.5099999904632568,6498740
2024-04-10,1.5099999904632568,1.5099999904632568,1.4299999475479126,1.440000057220459,1.440000057220459,10773000
2024-04-11,1.4199999570846558,1.4700000286102295,1.409999966621399,1.4600000381469727,1.4600000381469727,6206100
2024-04-12,1.440000057220459,1.4900000095367432,1.440000057220459,1.4900000095367432,1.4900000095367432,4945500
2024-04-15,1.4199999570846558,1.4199999570846558,1.4199999570846558,1.4199999570846558,1.4199999570846558,1976800
2024-04-16,1.350000023841858,1.350000023841858,1.350000023841858,1.350000023841858,1.350000023841858,2057500
2024-04-17,1.2799999713897705,1.4199999570846558,1.2799999713897705,1.2799999713897705,1.2799999713897705,29295080
2024-04-18,1.25,1.3300000429153442,1.2200000286102295,1.309999942779541,1.309999942779541,21411340
2024-04-19,1.2899999618530273,1.3799999952316284,1.2799999713897705,1.3700000047683716,1.3700000047683716,14128766
2024-04-22,1.3600000143051147,1.3799999952316284,1.2999999523162842,1.2999999523162842,1.2999999523162842,19647380
2024-04-23,1.2899999618530273,1.3700000047683716,1.2799999713897705,1.350000023841858,1.350000023841858,11790857
2024-04-24,1.350000023841858,1.4199999570846558,1.340000033378601,1.4199999570846558,1.4199999570846558,14219160
2024-04-25,1.4299999475479126,1.4800000190734863,1.4299999475479126,1.4700000286102295,1.4700000286102295,11236449
2024-04-26,1.4500000476837158,1.4600000381469727,1.399999976158142,1.4199999570846558,1.4199999570846558,11591780
2024-04-29,1.4199999570846558,1.4900000095367432,1.4199999570846558,1.4900000095367432,1.4900000095367432,9731760
2024-04-30,1.5199999809265137,1.559999942779541,1.4700000286102295,1.5299999713897705,1.5299999713897705,15868927
2024-05-06,1.5199999809265137,1.600000023841858,1.5,1.5800000429153442,1.5800000429153442,8530660
2024-05-07,1.590000033378601,1.6100000143051147,1.5,1.5,1.5,14360845
2024-05-08,1.5,1.5700000524520874,1.4900000095367432,1.5399999618530273,1.5399999618530273,10532140
2024-05-09,1.5399999618530273,1.5800000429153442,1.5299999713897705,1.5399999618530273,1.5399999618530273,6343060
2024-05-10,1.5299999713897705,1.5499999523162842,1.4800000190734863,1.4900000095367432,1.4900000095367432,7475960
2024-05-13,1.5,1.559999942779541,1.4700000286102295,1.559999942779541,1.559999942779541,9385080
2024-05-14,1.5499999523162842,1.6200000047683716,1.5499999523162842,1.6200000047683716,1.6200000047683716,11413319
2024-05-15,1.6100000143051147,1.690000057220459,1.590000033378601,1.649999976158142,1.649999976158142,12025520
2024-05-16,1.649999976158142,1.6799999475479126,1.6200000047683716,1.649999976158142,1.649999976158142,7913400
2024-05-17,1.649999976158142,1.6699999570846558,1.6100000143051147,1.6299999952316284,1.6299999952316284,6196900
2024-05-20,1.6100000143051147,1.6299999952316284,1.559999942779541,1.5800000429153442,1.5800000429153442,9411200
2024-05-21,1.5700000524520874,1.6100000143051147,1.5700000524520874,1.590000033378601,1.590000033378601,3340100
2024-05-22,1.5800000429153442,1.590000033378601,1.5399999618530273,1.5399999618530273,1.5399999618530273,5142086
2024-05-23,1.5299999713897705,1.5299999713897705,1.4800000190734863,1.5,1.5,7852268
2024-05-24,1.5099999904632568,1.5800000429153442,1.5099999904632568,1.559999942779541,1.559999942779541,6369400
2024-05-27,1.559999942779541,1.6299999952316284,1.5499999523162842,1.590000033378601,1.590000033378601,7536000
2024-05-28,1.590000033378601,1.590000033378601,1.5299999713897705,1.5499999523162842,1.5499999523162842,4420340
2024-05-29,1.5499999523162842,1.5499999523162842,1.5199999809265137,1.5399999618530273,1.5399999618530273,3354278
2024-05-30,1.5199999809265137,1.5700000524520874,1.5099999904632568,1.5499999523162842,1.5499999523162842,3461500
2024-05-31,1.559999942779541,1.5800000429153442,1.5299999713897705,1.5800000429153442,1.5800000429153442,5133858
2024-06-03,1.5499999523162842,1.5700000524520874,1.5,1.5199999809265137,1.5199999809265137,5822680
2024-06-04,1.5099999904632568,1.5399999618530273,1.5,1.5299999713897705,1.5299999713897705,2560100
2024-06-05,1.5299999713897705,1.5299999713897705,1.4900000095367432,1.5199999809265137,1.5199999809265137,3510320
2024-06-06,1.5099999904632568,1.5199999809265137,1.440000057220459,1.440000057220459,1.440000057220459,7045640
2024-06-07,1.4199999570846558,1.5099999904632568,1.4199999570846558,1.5099999904632568,1.5099999904632568,11412252
2024-06-11,1.5099999904632568,1.5199999809265137,1.4600000381469727,1.4800000190734863,1.4800000190734863,5759180
2024-06-12,1.4900000095367432,1.5199999809265137,1.4800000190734863,1.5099999904632568,1.5099999904632568,4450422
2024-06-13,1.5,1.5499999523162842,1.4900000095367432,1.5,1.5,4711690
2024-06-14,1.5,1.5199999809265137,1.4700000286102295,1.5099999904632568,1.5099999904632568,5006960
2024-06-17,1.5099999904632568,1.5099999904632568,1.4600000381469727,1.4600000381469727,1.4600000381469727,3903230
2024-06-18,1.4600000381469727,1.4800000190734863,1.4500000476837158,1.4600000381469727,1.4600000381469727,2124780
2024-06-19,1.4600000381469727,1.4900000095367432,1.4600000381469727,1.4700000286102295,1.4700000286102295,4349480
2024-06-20,1.4700000286102295,1.4800000190734863,1.399999976158142,1.409999966621399,1.409999966621399,4253040
2024-06-21,1.409999966621399,1.440000057220459,1.399999976158142,1.440000057220459,1.440000057220459,3089180
2024-06-24,1.4299999475479126,1.440000057220459,1.3700000047683716,1.3700000047683716,1.3700000047683716,5418940
2024-06-25,1.3700000047683716,1.3899999856948853,1.340000033378601,1.350000023841858,1.350000023841858,3417120
2024-06-26,1.3700000047683716,1.3799999952316284,1.309999942779541,1.3700000047683716,1.3700000047683716,3274140
2024-06-27,1.3700000047683716,1.399999976158142,1.350000023841858,1.3700000047683716,1.3700000047683716,3519160
2024-06-28,1.3700000047683716,1.399999976158142,1.3200000524520874,1.3300000429153442,1.3300000429153442,3204060
2024-07-01,1.2599999904632568,1.350000023841858,1.2599999904632568,1.3300000429153442,1.3300000429153442,7882100
2024-07-02,1.3300000429153442,1.3899999856948853,1.3200000524520874,1.350000023841858,1.350000023841858,3715060
2024-07-03,1.3600000143051147,1.3799999952316284,1.340000033378601,1.3600000143051147,1.3600000143051147,2777072
2024-07-04,1.3600000143051147,1.3700000047683716,1.2999999523162842,1.309999942779541,1.309999942779541,3136160
2024-07-05,1.309999942779541,1.350000023841858,1.2999999523162842,1.340000033378601,1.340000033378601,2282700
2024-07-08,1.350000023841858,1.350000023841858,1.2899999618530273,1.2999999523162842,1.2999999523162842,2408100
2024-07-09,1.309999942779541,1.309999942779541,1.2599999904632568,1.2899999618530273,1.2899999618530273,4174860
2024-07-10,1.2300000190734863,1.3200000524520874,1.2300000190734863,1.2899999618530273,1.2899999618530273,7477200
2024-07-11,1.309999942779541,1.350000023841858,1.2899999618530273,1.350000023841858,1.350000023841858,3362020
2024-07-12,1.350000023841858,1.3799999952316284,1.309999942779541,1.340000033378601,1.340000033378601,3082100
2024-07-15,1.3300000429153442,1.350000023841858,1.309999942779541,1.3200000524520874,1.3200000524520874,2182540
2024-07-16,1.3300000429153442,1.350000023841858,1.2999999523162842,1.350000023841858,1.350000023841858,2663800
2024-07-17,1.350000023841858,1.3799999952316284,1.309999942779541,1.3200000524520874,1.3200000524520874,4181900
2024-07-18,1.3200000524520874,1.3300000429153442,1.2899999618530273,1.2899999618530273,1.2899999618530273,2344420
2024-07-19,1.2899999618530273,1.3200000524520874,1.2799999713897705,1.2999999523162842,1.2999999523162842,2558300
2024-07-22,1.2999999523162842,1.350000023841858,1.2899999618530273,1.3300000429153442,1.3300000429153442,3373220
2024-07-23,1.3300000429153442,1.3600000143051147,1.3300000429153442,1.340000033378601,1.340000033378601,4610800
2024-07-24,1.3300000429153442,1.350000023841858,1.309999942779541,1.3300000429153442,1.3300000429153442,2409700
2024-07-25,1.2999999523162842,1.3300000429153442,1.2999999523162842,1.309999942779541,1.309999942779541,4373400
2024-07-26,1.309999942779541,1.3300000429153442,1.2999999523162842,1.3200000524520874,1.3200000524520874,2369700
2024-07-29,1.3200000524520874,1.3200000524520874,1.2999999523162842,1.309999942779541,1.309999942779541,1489880
2024-07-30,1.309999942779541,1.340000033378601,1.2899999618530273,1.340000033378601,1.340000033378601,3176560
2024-07-31,1.3300000429153442,1.3700000047683716,1.3300000429153442,1.3600000143051147,1.3600000143051147,4679380
2024-08-01,1.3700000047683716,1.3700000047683716,1.340000033378601,1.3600000143051147,1.3600000143051147,3743600
2024-08-02,1.340000033378601,1.3600000143051147,1.3300000429153442,1.340000033378601,1.340000033378601,3419300
2024-08-05,1.3300000429153442,1.350000023841858,1.309999942779541,1.3200000524520874,1.3200000524520874,3359040
2024-08-06,1.3200000524520874,1.3600000143051147,1.3200000524520874,1.3600000143051147,1.3600000143051147,4240400
2024-08-07,1.3600000143051147,1.3799999952316284,1.350000023841858,1.3600000143051147,1.3600000143051147,2565000
2024-08-08,1.3600000143051147,1.4299999475479126,1.350000023841858,1.4299999475479126,1.4299999475479126,13033240
2024-08-09,1.4299999475479126,1.440000057220459,1.399999976158142,1.4299999475479126,1.4299999475479126,9234280
2024-08-12,1.4199999570846558,1.4299999475479126,1.3600000143051147,1.3700000047683716,1.3700000047683716,6770840
2024-08-13,1.350000023841858,1.3700000047683716,1.3200000524520874,1.340000033378601,1.340000033378601,3979003
2024-08-14,1.340000033378601,1.3600000143051147,1.3200000524520874,1.3300000429153442,1.3300000429153442,3541000
2024-08-15,1.340000033378601,1.399999976158142,1.309999942779541,1.3799999952316284,1.3799999952316284,6580940
2024-08-16,1.3700000047683716,1.3799999952316284,1.309999942779541,1.3200000524520874,1.3200000524520874,6550700
2024-08-19,1.3200000524520874,1.340000033378601,1.309999942779541,1.3200000524520874,1.3200000524520874,3115526
2024-08-20,1.3200000524520874,1.3300000429153442,1.2999999523162842,1.309999942779541,1.309999942779541,3494566
2024-08-21,1.2999999523162842,1.3300000429153442,1.2999999523162842,1.2999999523162842,1.2999999523162842,1603320
2024-08-22,1.2999999523162842,1.3300000429153442,1.2999999523162842,1.2999999523162842,1.2999999523162842,3322000
2024-08-23,1.3200000524520874,1.3200000524520874,1.2799999713897705,1.2999999523162842,1.2999999523162842,2985100
2024-08-26,1.2999999523162842,1.309999942779541,1.2899999618530273,1.2999999523162842,1.2999999523162842,1881970
2024-08-27,1.309999942779541,1.3700000047683716,1.2999999523162842,1.3700000047683716,1.3700000047683716,10347290
2024-08-28,1.3600000143051147,1.4299999475479126,1.340000033378601,1.3600000143051147,1.3600000143051147,17763940
2024-08-29,1.350000023841858,1.399999976158142,1.350000023841858,1.3700000047683716,1.3700000047683716,9961587
2024-08-30,1.3700000047683716,1.4199999570846558,1.3600000143051147,1.3899999856948853,1.3899999856948853,7965466
2024-09-02,1.399999976158142,1.4299999475479126,1.3799999952316284,1.3899999856948853,1.3899999856948853,5945566
2024-09-03,1.3799999952316284,1.440000057220459,1.3799999952316284,1.4199999570846558,1.4199999570846558,7462000
2024-09-04,1.4199999570846558,1.4199999570846558,1.3600000143051147,1.3600000143051147,1.3600000143051147,6819640
2024-09-05,1.3600000143051147,1.399999976158142,1.3600000143051147,1.3899999856948853,1.3899999856948853,4599900
2024-09-06,1.3899999856948853,1.409999966621399,1.3600000143051147,1.3700000047683716,1.3700000047683716,3517740
2024-09-09,1.350000023841858,1.3600000143051147,1.3300000429153442,1.340000033378601,1.340000033378601,3861100
2024-09-10,1.350000023841858,1.3700000047683716,1.340000033378601,1.350000023841858,1.350000023841858,3264381
2024-09-11,1.350000023841858,1.350000023841858,1.3200000524520874,1.3300000429153442,1.3300000429153442,2588940
2024-09-12,1.340000033378601,1.3600000143051147,1.3300000429153442,1.340000033378601,1.340000033378601,1860200
2024-09-13,1.340000033378601,1.3799999952316284,1.3300000429153442,1.3600000143051147,1.3600000143051147,4996340
2024-09-18,1.350000023841858,1.3600000143051147,1.2999999523162842,1.3300000429153442,1.3300000429153442,4302800
2024-09-19,1.3300000429153442,1.3600000143051147,1.3200000524520874,1.350000023841858,1.350000023841858,2757680
2024-09-20,1.340000033378601,1.350000023841858,1.3300000429153442,1.340000033378601,1.340000033378601,2682940
2024-09-23,1.340000033378601,1.350000023841858,1.3300000429153442,1.3300000429153442,1.3300000429153442,3155300
2024-09-24,1.340000033378601,1.3799999952316284,1.3300000429153442,1.3600000143051147,1.3600000143051147,5552480
2024-09-25,1.3700000047683716,1.399999976158142,1.3600000143051147,1.3899999856948853,1.3899999856948853,7132257
2024-09-26,1.3799999952316284,1.399999976158142,1.3700000047683716,1.399999976158142,1.399999976158142,6431768
2024-09-27,1.409999966621399,1.4600000381469727,1.3799999952316284,1.4299999475479126,1.4299999475479126,11749800
2024-09-30,1.399999976158142,1.5,1.3899999856948853,1.5,1.5,34437168
2024-10-08,1.5800000429153442,1.5800000429153442,1.4700000286102295,1.5,1.5,28932161
2024-10-09,1.4900000095367432,1.4900000095367432,1.4299999475479126,1.4299999475479126,1.4299999475479126,14376550
2024-10-10,1.4199999570846558,1.440000057220459,1.3799999952316284,1.399999976158142,1.399999976158142,10378428
2024-10-11,1.3899999856948853,1.4299999475479126,1.3799999952316284,1.409999966621399,1.409999966621399,7395428
2024-10-14,1.409999966621399,1.4199999570846558,1.3799999952316284,1.399999976158142,1.399999976158142,6703340
2024-10-15,1.4199999570846558,1.4600000381469727,1.399999976158142,1.4299999475479126,1.4299999475479126,10758359
2024-10-16,1.4199999570846558,1.4600000381469727,1.399999976158142,1.440000057220459,1.440000057220459,8217400
2024-10-17,1.4299999475479126,1.4500000476837158,1.399999976158142,1.4199999570846558,1.4199999570846558,6367720
2024-10-18,1.409999966621399,1.440000057220459,1.399999976158142,1.4199999570846558,1.4199999570846558,8964621
2024-10-21,1.4199999570846558,1.4199999570846558,1.3899999856948853,1.399999976158142,1.399999976158142,8859586
2024-10-22,1.399999976158142,1.4299999475479126,1.3899999856948853,1.4199999570846558,1.4199999570846558,8073130
2024-10-23,1.4199999570846558,1.4600000381469727,1.409999966621399,1.4500000476837158,1.4500000476837158,11100962
2024-10-24,1.440000057220459,1.5099999904632568,1.440000057220459,1.4900000095367432,1.4900000095367432,16962766
2024-10-25,1.4900000095367432,1.5,1.4700000286102295,1.5,1.5,10982060
2024-10-28,1.5099999904632568,1.5700000524520874,1.5099999904632568,1.559999942779541,1.559999942779541,19107560
2024-10-29,1.559999942779541,1.559999942779541,1.4800000190734863,1.4800000190734863,1.4800000190734863,16385806
2024-10-30,1.4900000095367432,1.5499999523162842,1.4800000190734863,1.5399999618530273,1.5399999618530273,15233780
2024-10-31,1.5299999713897705,1.5700000524520874,1.5099999904632568,1.5199999809265137,1.5199999809265137,12437127
2024-11-01,1.5099999904632568,1.600000023841858,1.5,1.600000023841858,1.600000023841858,27883008
2024-11-04,1.600000023841858,1.6799999475479126,1.5800000429153442,1.6799999475479126,1.6799999475479126,32070117
2024-11-05,1.7200000286102295,1.7599999904632568,1.7000000476837158,1.7599999904632568,1.7599999904632568,11904431
2024-11-06,1.8300000429153442,1.850000023841858,1.6799999475479126,1.75,1.75,39739618
2024-11-07,1.7400000095367432,1.8300000429153442,1.7300000190734863,1.7699999809265137,1.7699999809265137,25146717
2024-11-08,1.7699999809265137,1.8600000143051147,1.7400000095367432,1.809999942779541,1.809999942779541,23936134
2024-11-11,1.7999999523162842,1.899999976158142,1.7999999523162842,1.899999976158142,1.899999976158142,20894588
2024-11-12,1.9299999475479126,1.9900000095367432,1.8200000524520874,1.850000023841858,1.850000023841858,32354157
2024-11-13,1.8300000429153442,1.8899999856948853,1.7799999713897705,1.8300000429153442,1.8300000429153442,21513660
2024-11-14,1.8200000524520874,1.909999966621399,1.7999999523162842,1.850000023841858,1.850000023841858,20034835
2024-11-15,1.840000033378601,1.8600000143051147,1.7599999904632568,1.7599999904632568,1.7599999904632568,25375095
2024-11-18,1.7400000095367432,1.7599999904632568,1.6699999570846558,1.7000000476837158,1.7000000476837158,18166820
2024-11-19,1.7100000381469727,1.7799999713897705,1.7000000476837158,1.75,1.75,16161680
2024-11-20,1.75,1.840000033378601,1.7400000095367432,1.840000033378601,1.840000033378601,16439141
2024-11-21,1.840000033378601,1.9299999475479126,1.840000033378601,1.9299999475479126,1.9299999475479126,19217720
2024-11-22,1.940000057220459,1.9800000190734863,1.8300000429153442,1.8300000429153442,1.8300000429153442,31367740
2024-11-25,1.840000033378601,1.909999966621399,1.7400000095367432,1.7799999713897705,1.7799999713897705,32273386
2024-11-26,1.809999942779541,1.8600000143051147,1.7699999809265137,1.7799999713897705,1.7799999713897705,21298038
2024-11-27,1.7699999809265137,1.8300000429153442,1.7300000190734863,1.8200000524520874,1.8200000524520874,15549444
2024-11-28,1.809999942779541,1.8899999856948853,1.809999942779541,1.8600000143051147,1.8600000143051147,15700240
2024-11-29,1.850000023841858,1.8899999856948853,1.8300000429153442,1.8700000047683716,1.8700000047683716,12484079
2024-12-02,1.8700000047683716,1.940000057220459,1.8600000143051147,1.909999966621399,1.909999966621399,12311940
2024-12-03,1.9199999570846558,1.940000057220459,1.840000033378601,1.8600000143051147,1.8600000143051147,17577564
2024-12-04,1.850000023841858,1.899999976158142,1.809999942779541,1.8300000429153442,1.8300000429153442,14724800
2024-12-05,1.850000023841858,1.8700000047683716,1.8200000524520874,1.8700000047683716,1.8700000047683716,9411240
2024-12-06,1.8600000143051147,1.940000057220459,1.8600000143051147,1.9299999475479126,1.9299999475479126,17385820
2024-12-09,1.9700000286102295,2.0299999713897705,1.9500000476837158,2.0299999713897705,2.0299999713897705,15355368
2024-12-10,2.130000114440918,2.130000114440918,2.130000114440918,2.130000114440918,2.130000114440918,3350356
2024-12-11,2.119999885559082,2.240000009536743,2.049999952316284,2.1500000953674316,2.1500000953674316,43913824
2024-12-12,2.1500000953674316,2.2300000190734863,2.0899999141693115,2.119999885559082,2.119999885559082,29144379
2024-12-13,2.0999999046325684,2.1700000762939453,2.049999952316284,2.0899999141693115,2.0899999141693115,20127100
2024-12-16,2.130000114440918,2.190000057220459,2.0899999141693115,2.190000057220459,2.190000057220459,20522481
2024-12-17,2.2300000190734863,2.240000009536743,2.0799999237060547,2.0799999237060547,2.0799999237060547,22729200
2024-12-18,2.0399999618530273,2.130000114440918,2.0,2.0799999237060547,2.0799999237060547,18338040
2024-12-19,2.059999942779541,2.0899999141693115,1.9900000095367432,2.0399999618530273,2.0399999618530273,13542220
2024-12-20,2.049999952316284,2.0899999141693115,2.0399999618530273,2.069999933242798,2.069999933242798,7500920
2024-12-23,2.069999933242798,2.0899999141693115,1.9700000286102295,1.9700000286102295,1.9700000286102295,14798100
2024-12-24,1.9500000476837158,2.0,1.899999976158142,1.9900000095367432,1.9900000095367432,13967780
2024-12-25,1.9800000190734863,1.9800000190734863,1.8899999856948853,1.8899999856948853,1.8899999856948853,10137600
2024-12-26,1.840000033378601,1.909999966621399,1.809999942779541,1.8799999952316284,1.8799999952316284,13496196
2024-12-27,1.8700000047683716,1.9700000286102295,1.8600000143051147,1.9700000286102295,1.9700000286102295,9445680
2024-12-30,2.0199999809265137,2.069999933242798,1.9800000190734863,2.009999990463257,2.009999990463257,20991740
2024-12-31,2.009999990463257,2.109999895095825,2.0,2.109999895095825,2.109999895095825,28264440
2025-01-02,2.069999933242798,2.0899999141693115,2.0,2.0,2.0,24580300
2025-01-03,2.0,2.0999999046325684,1.9800000190734863,2.0899999141693115,2.0899999141693115,27016394
2025-01-06,2.009999990463257,2.1500000953674316,2.009999990463257,2.119999885559082,2.119999885559082,19385512
2025-01-07,2.130000114440918,2.2300000190734863,2.0999999046325684,2.2300000190734863,2.2300000190734863,25530732
2025-01-08,2.240000009536743,2.3299999237060547,2.180000066757202,2.259999990463257,2.259999990463257,32098000
2025-01-09,2.240000009536743,2.2799999713897705,2.190000057220459,2.200000047683716,2.200000047683716,17799380
2025-01-10,2.180000066757202,2.2200000286102295,2.0899999141693115,2.1700000762939453,2.1700000762939453,17566960
2025-01-13,2.1500000953674316,2.2100000381469727,2.119999885559082,2.1500000953674316,2.1500000953674316,11055520
2025-01-14,2.1600000858306885,2.259999990463257,2.1600000858306885,2.259999990463257,2.259999990463257,12821480
2025-01-15,2.2799999713897705,2.319999933242798,2.240000009536743,2.2699999809265137,2.2699999809265137,20494327
2025-01-16,2.259999990463257,2.2699999809265137,2.1600000858306885,2.1700000762939453,2.1700000762939453,28322100
2025-01-17,2.1500000953674316,2.200000047683716,2.109999895095825,2.140000104904175,2.140000104904175,14678903
2025-01-20,2.1500000953674316,2.1600000858306885,2.0999999046325684,2.0999999046325684,2.0999999046325684,10241818
2025-01-21,2.109999895095825,2.140000104904175,2.0399999618530273,2.119999885559082,2.119999885559082,11388600
2025-01-22,2.109999895095825,2.2200000286102295,2.109999895095825,2.130000114440918,2.130000114440918,16455720
2025-01-23,2.130000114440918,2.1600000858306885,2.049999952316284,2.059999942779541,2.059999942779541,11125700
2025-01-24,2.069999933242798,2.109999895095825,2.0199999809265137,2.0899999141693115,2.0899999141693115,8519120
2025-01-27,2.0999999046325684,2.1600000858306885,2.0999999046325684,2.119999885559082,2.119999885559082,5805460
2025-02-05,2.119999885559082,2.119999885559082,2.059999942779541,2.109999895095825,2.109999895095825,5498147
2025-02-06,2.119999885559082,2.119999885559082,2.069999933242798,2.0999999046325684,2.0999999046325684,5276960
2025-02-07,2.0999999046325684,2.109999895095825,2.069999933242798,2.0799999237060547,2.0799999237060547,9609440
2025-02-10,2.0799999237060547,2.180000066757202,2.069999933242798,2.180000066757202,2.180000066757202,10483580
2025-02-11,2.190000057220459,2.25,2.1600000858306885,2.200000047683716,2.200000047683716,14593249
2025-02-12,2.200000047683716,2.2300000190734863,2.1700000762939453,2.190000057220459,2.190000057220459,10499900
2025-02-13,2.180000066757202,2.180000066757202,2.109999895095825,2.1600000858306885,2.1600000858306885,11354140
2025-02-14,2.1500000953674316,2.180000066757202,2.0999999046325684,2.130000114440918,2.130000114440918,6989300
2025-02-17,2.119999885559082,2.140000104904175,2.0999999046325684,2.119999885559082,2.119999885559082,7738940
2025-02-18,2.130000114440918,2.130000114440918,2.069999933242798,2.109999895095825,2.109999895095825,9417900
2025-02-19,2.109999895095825,2.130000114440918,2.0899999141693115,2.0999999046325684,2.0999999046325684,7382520
2025-02-20,2.0999999046325684,2.1700000762939453,2.0899999141693115,2.119999885559082,2.119999885559082,9243440
2025-02-21,2.119999885559082,2.130000114440918,2.069999933242798,2.0799999237060547,2.0799999237060547,10642200
2025-02-24,2.0799999237060547,2.0799999237060547,2.009999990463257,2.0399999618530273,2.0399999618530273,8838280
2025-02-25,2.009999990463257,2.069999933242798,2.009999990463257,2.0399999618530273,2.0399999618530273,5642560
2025-02-26,2.049999952316284,2.049999952316284,2.0199999809265137,2.0299999713897705,2.0299999713897705,6568900
2025-02-27,2.0299999713897705,2.059999942779541,2.009999990463257,2.0399999618530273,2.0399999618530273,7277680
2025-02-28,2.049999952316284,2.109999895095825,2.0199999809265137,2.0299999713897705,2.0299999713897705,9132440
2025-03-03,2.0299999713897705,2.0299999713897705,1.9800000190734863,2.0,2.0,7485540
2025-03-04,1.9900000095367432,2.009999990463257,1.9199999570846558,2.009999990463257,2.009999990463257,12679500
2025-03-05,2.0,2.009999990463257,1.9500000476837158,1.9800000190734863,1.9800000190734863,7061407
2025-03-06,1.9600000381469727,1.9800000190734863,1.9299999475479126,1.9500000476837158,1.9500000476837158,8389940
2025-03-07,1.9500000476837158,2.0399999618530273,1.9500000476837158,1.9500000476837158,1.9500000476837158,10428180
2025-03-10,1.9500000476837158,1.9800000190734863,1.899999976158142,1.940000057220459,1.940000057220459,9531680
2025-03-11,1.9199999570846558,1.9500000476837158,1.909999966621399,1.9299999475479126,1.9299999475479126,5236000
2025-03-12,1.940000057220459,1.9500000476837158,1.909999966621399,1.9500000476837158,1.9500000476837158,5452100
2025-03-13,1.940000057220459,1.9600000381469727,1.8899999856948853,1.9199999570846558,1.9199999570846558,10388780
2025-03-14,1.909999966621399,1.940000057220459,1.8899999856948853,1.9299999475479126,1.9299999475479126,8633137
2025-03-17,1.940000057220459,1.9600000381469727,1.9199999570846558,1.9500000476837158,1.9500000476837158,6940780
2025-03-18,1.9700000286102295,1.9700000286102295,1.8899999856948853,1.8899999856948853,1.8899999856948853,12216740
2025-03-19,1.8899999856948853,1.9199999570846558,1.8799999952316284,1.909999966621399,1.909999966621399,5114500
2025-03-20,1.909999966621399,1.9299999475479126,1.8899999856948853,1.9199999570846558,1.9199999570846558,5460300
2025-03-21,1.909999966621399,2.009999990463257,1.909999966621399,1.9500000476837158,1.9500000476837158,13177720
2025-03-24,1.940000057220459,1.940000057220459,1.8799999952316284,1.899999976158142,1.899999976158142,10013800
2025-03-25,1.899999976158142,1.899999976158142,1.8799999952316284,1.899999976158142,1.899999976158142,3852000
2025-03-26,1.8899999856948853,1.9199999570846558,1.8899999856948853,1.909999966621399,1.909999966621399,5503240
2025-03-27,1.899999976158142,1.909999966621399,1.8899999856948853,1.899999976158142,1.899999976158142,3903830
2025-03-28,1.899999976158142,1.899999976158142,1.809999942779541,1.8300000429153442,1.8300000429153442,13021534
2025-03-31,1.8300000429153442,1.8300000429153442,1.75,1.8300000429153442,1.8300000429153442,8708880
2025-04-01,1.8200000524520874,1.8600000143051147,1.7999999523162842,1.850000023841858,1.850000023841858,5345060
2025-04-02,1.840000033378601,1.8600000143051147,1.8300000429153442,1.850000023841858,1.850000023841858,2486300
2025-04-03,1.850000023841858,1.8700000047683716,1.8300000429153442,1.8600000143051147,1.8600000143051147,3782300
2025-04-07,1.7799999713897705,1.7899999618530273,1.7699999809265137,1.7699999809265137,1.7699999809265137,4257000
2025-04-08,1.7000000476837158,1.7300000190734863,1.6799999475479126,1.6799999475479126,1.6799999475479126,9502841
2025-04-09,1.649999976158142,1.690000057220459,1.600000023841858,1.659999966621399,1.659999966621399,8867200
2025-04-10,1.690000057220459,1.7300000190734863,1.690000057220459,1.7100000381469727,1.7100000381469727,6308800
2025-04-11,1.690000057220459,1.7300000190734863,1.6799999475479126,1.690000057220459,1.690000057220459,5520700
2025-04-14,1.7100000381469727,1.7699999809265137,1.7000000476837158,1.7699999809265137,1.7699999809265137,5727920
2025-04-15,1.809999942779541,1.8600000143051147,1.7899999618530273,1.8600000143051147,1.8600000143051147,11243340
2025-04-16,1.8899999856948853,1.909999966621399,1.8300000429153442,1.909999966621399,1.909999966621399,13878161
2025-04-17,1.899999976158142,1.9299999475479126,1.8600000143051147,1.8700000047683716,1.8700000047683716,7188500
2025-04-18,1.8700000047683716,1.9199999570846558,1.840000033378601,1.899999976158142,1.899999976158142,6133820
2025-04-21,1.8799999952316284,1.9800000190734863,1.8799999952316284,1.899999976158142,1.899999976158142,6502900
2025-04-22,1.899999976158142,1.899999976158142,1.840000033378601,1.8799999952316284,1.8799999952316284,6772200
2025-04-23,1.8799999952316284,1.9199999570846558,1.8799999952316284,1.9199999570846558,1.9199999570846558,5326760
2025-04-24,1.9199999570846558,2.0199999809265137,1.909999966621399,2.0199999809265137,2.0199999809265137,11913720
2025-04-25,2.049999952316284,2.049999952316284,1.940000057220459,1.9500000476837158,1.9500000476837158,13020560
2025-04-28,1.9299999475479126,1.940000057220459,1.850000023841858,1.909999966621399,1.909999966621399,10330640
2025-04-29,1.9199999570846558,2.009999990463257,1.9199999570846558,2.009999990463257,2.009999990463257,13673542
2025-04-30,1.9800000190734863,2.0399999618530273,1.9700000286102295,2.0,2.0,10282553
2025-05-06,2.0,2.0,1.909999966621399,1.9500000476837158,1.9500000476837158,7930260
2025-05-07,1.9600000381469727,2.0299999713897705,1.940000057220459,2.0,2.0,8666400
2025-05-08,2.0,2.0399999618530273,1.9800000190734863,1.9900000095367432,1.9900000095367432,9098161
2025-05-09,1.9700000286102295,2.0399999618530273,1.9700000286102295,2.009999990463257,2.009999990463257,7005880
2025-05-12,2.0199999809265137,2.109999895095825,2.0,2.0899999141693115,2.0899999141693115,14403041
2025-05-13,2.119999885559082,2.140000104904175,2.0199999809265137,2.0399999618530273,2.0399999618530273,11455860
2025-05-14,2.0399999618530273,2.049999952316284,2.0,2.0199999809265137,2.0199999809265137,6836400
2025-05-15,2.0299999713897705,2.0399999618530273,2.0,2.009999990463257,2.009999990463257,7750000
2025-05-16,2.0,2.009999990463257,1.9600000381469727,2.009999990463257,2.009999990463257,6334203
2025-05-19,2.0299999713897705,2.069999933242798,2.0199999809265137,2.0399999618530273,2.0399999618530273,5981043
2025-05-20,2.0399999618530273,2.059999942779541,2.0199999809265137,2.0399999618530273,2.0399999618530273,6256000
2025-05-21,2.0299999713897705,2.0399999618530273,1.9900000095367432,2.009999990463257,2.009999990463257,6769500
2025-05-22,2.009999990463257,2.109999895095825,1.9900000095367432,2.109999895095825,2.109999895095825,15502855
2025-05-23,2.2200000286102295,2.2200000286102295,2.2200000286102295,2.2200000286102295,2.2200000286102295,13221500
2025-05-26,2.3299999237060547,2.3299999237060547,2.2799999713897705,2.3299999237060547,2.3299999237060547,11702640
2025-05-27,2.4000000953674316,2.450000047683716,2.3499999046325684,2.450000047683716,2.450000047683716,23536797
2025-05-28,2.549999952316284,2.569999933242798,2.3299999237060547,2.390000104904175,2.390000104904175,56583999
2025-05-29,2.4200000762939453,2.450000047683716,2.2699999809265137,2.2699999809265137,2.2699999809265137,31721957
2025-05-30,2.25,2.299999952316284,2.2200000286102295,2.259999990463257,2.259999990463257,21092720
2025-06-03,2.240000009536743,2.369999885559082,2.2300000190734863,2.369999885559082,2.369999885559082,17745000
2025-06-04,2.4100000858306885,2.490000009536743,2.4000000953674316,2.490000009536743,2.490000009536743,26399840
2025-06-05,2.5399999618530273,2.609999895095825,2.430000066757202,2.5199999809265137,2.5199999809265137,39859121
2025-06-06,2.5,2.6500000953674316,2.5,2.6500000953674316,2.6500000953674316,20062825
2025-06-09,2.7300000190734863,2.7699999809265137,2.5999999046325684,2.7300000190734863,2.7300000190734863,34653029
2025-06-10,2.740000009536743,2.7699999809265137,2.5899999141693115,2.5999999046325684,2.5999999046325684,29727879
2025-06-11,2.640000104904175,2.7300000190734863,2.5899999141693115,2.7300000190734863,2.7300000190734863,17742200
2025-06-12,2.7799999713897705,2.869999885559082,2.7799999713897705,2.799999952316284,2.799999952316284,39576955
2025-06-13,2.75,2.7799999713897705,2.6600000858306885,2.6600000858306885,2.6600000858306885,30668740
2025-06-16,2.630000114440918,2.7899999618530273,2.619999885559082,2.7899999618530273,2.7899999618530273,21924624
2025-06-17,2.809999942779541,2.9000000953674316,2.7699999809265137,2.809999942779541,2.809999942779541,26332444
2025-06-18,2.819999933242798,2.890000104904175,2.7200000286102295,2.880000114440918,2.880000114440918,17793004
2025-06-19,2.859999895095825,2.890000104904175,2.740000009536743,2.75,2.75,20817080
2025-06-20,2.740000009536743,2.75,2.619999885559082,2.619999885559082,2.619999885559082,18041275
2025-06-23,2.609999895095825,2.75,2.5799999237060547,2.75,2.75,16203700
2025-06-24,2.75,2.8499999046325684,2.7200000286102295,2.740000009536743,2.740000009536743,19103920
2025-06-25,2.7300000190734863,2.8399999141693115,2.7100000381469727,2.7200000286102295,2.7200000286102295,21439260
2025-06-26,2.7200000286102295,2.740000009536743,2.619999885559082,2.640000104904175,2.640000104904175,19330100
2025-06-27,2.630000114440918,2.7200000286102295,2.619999885559082,2.690000057220459,2.690000057220459,13493120
2025-06-30,2.680000066757202,2.7899999618530273,2.680000066757202,2.680000066757202,2.680000066757202,11512540
2025-07-01,2.680000066757202,2.7100000381469727,2.569999933242798,2.5999999046325684,2.5999999046325684,15164600
2025-07-02,2.5999999046325684,2.609999895095825,2.509999990463257,2.5999999046325684,2.5999999046325684,15306980
2025-07-03,2.5999999046325684,2.609999895095825,2.5199999809265137,2.5999999046325684,2.5999999046325684,8442240
2025-07-04,2.5999999046325684,2.6600000858306885,2.509999990463257,2.5299999713897705,2.5299999713897705,13120880
2025-07-07,2.5199999809265137,2.6600000858306885,2.5199999809265137,2.6600000858306885,2.6600000858306885,15969520
2025-07-08,2.6700000762939453,2.7899999618530273,2.6600000858306885,2.759999990463257,2.759999990463257,19589980
2025-07-09,2.7699999809265137,2.8399999141693115,2.7200000286102295,2.7799999713897705,2.7799999713897705,15476414
2025-07-10,2.759999990463257,2.7799999713897705,2.690000057220459,2.7100000381469727,2.7100000381469727,13175960
2025-07-11,2.7300000190734863,2.7699999809265137,2.700000047683716,2.7200000286102295,2.7200000286102295,9647397
2025-07-14,2.7300000190734863,2.7300000190734863,2.609999895095825,2.680000066757202,2.680000066757202,6012000
2025-07-15,2.6500000953674316,2.700000047683716,2.5799999237060547,2.619999885559082,2.619999885559082,9906460
2025-07-16,2.619999885559082,2.7200000286102295,2.619999885559082,2.6700000762939453,2.6700000762939453,6572340
2025-07-17,2.680000066757202,2.680000066757202,2.609999895095825,2.640000104904175,2.640000104904175,7375840
2025-07-18,2.630000114440918,2.680000066757202,2.5999999046325684,2.6500000953674316,2.6500000953674316,5493140
2025-07-21,2.6600000858306885,2.75,2.6600000858306885,2.740000009536743,2.740000009536743,11481776
2025-07-22,2.75,2.880000114440918,2.75,2.799999952316284,2.799999952316284,23840000
2025-07-23,2.75,2.940000057220459,2.7100000381469727,2.940000057220459,2.940000057220459,27941200
2025-07-24,2.9600000381469727,3.0899999141693115,2.940000057220459,3.0399999618530273,3.0399999618530273,36076340
2025-07-25,3.0,3.109999895095825,2.9600000381469727,3.049999952316284,3.049999952316284,21932763
2025-07-28,3.0199999809265137,3.200000047683716,3.0199999809265137,3.200000047683716,3.200000047683716,16500824
2025-07-29,3.299999952316284,3.3499999046325684,3.140000104904175,3.1700000762939453,3.1700000762939453,33793773
2025-07-30,3.2200000286102295,3.3299999237060547,3.1700000762939453,3.3299999237060547,3.3299999237060547,23234232
2025-07-31,3.390000104904175,3.5,3.309999942779541,3.380000114440918,3.380000114440918,40417992
2025-08-01,3.390000104904175,3.4700000286102295,3.2100000381469727,3.240000009536743,3.240000009536743,29962800
2025-08-04,3.25,3.369999885559082,3.1500000953674316,3.240000009536743,3.240000009536743,23254820
2025-08-05,3.2300000190734863,3.3499999046325684,3.1600000858306885,3.309999942779541,3.309999942779541,14737900
2025-08-06,3.299999952316284,3.3399999141693115,3.2200000286102295,3.259999990463257,3.259999990463257,13170200
2025-08-07,3.2300000190734863,3.3299999237060547,3.2100000381469727,3.299999952316284,3.299999952316284,10727360
2025-08-08,3.2899999618530273,3.4700000286102295,3.259999990463257,3.4700000286102295,3.4700000286102295,28683500
2025-08-11,3.5,3.559999942779541,3.430000066757202,3.4600000381469727,3.4600000381469727,21276880
2025-08-12,3.450000047683716,3.630000114440918,3.450000047683716,3.5899999141693115,3.5899999141693115,21611400
2025-08-13,3.559999942779541,3.5899999141693115,3.4800000190734863,3.5799999237060547,3.5799999237060547,16502250
2025-08-14,3.5999999046325684,3.680000066757202,3.4800000190734863,3.4800000190734863,3.4800000190734863,17511000
2025-08-15,3.4800000190734863,3.4800000190734863,3.4000000953674316,3.450000047683716,3.450000047683716,10752820
2025-08-18,3.430000066757202,3.440000057220459,3.309999942779541,3.3499999046325684,3.3499999046325684,18062554
2025-08-19,3.3399999141693115,3.3399999141693115,3.180000066757202,3.180000066757202,3.180000066757202,22806202
2025-08-20,3.180000066757202,3.299999952316284,3.1600000858306885,3.240000009536743,3.240000009536743,14120480
2025-08-21,3.2300000190734863,3.4000000953674316,3.190000057220459,3.4000000953674316,3.4000000953674316,20243032
2025-08-22,3.430000066757202,3.430000066757202,3.2799999713897705,3.319999933242798,3.319999933242798,16627460
2025-08-25,3.3399999141693115,3.3399999141693115,3.200000047683716,3.2699999809265137,3.2699999809265137,12831683
2025-08-26,3.2899999618530273,3.319999933242798,3.25,3.259999990463257,3.259999990463257,7608020
2025-08-27,3.259999990463257,3.3299999237060547,3.200000047683716,3.2200000286102295,3.2200000286102295,13308030
2025-08-28,3.200000047683716,3.25,3.109999895095825,3.190000057220459,3.190000057220459,11010990
2025-08-29,3.2200000286102295,3.259999990463257,3.1600000858306885,3.180000066757202,3.180000066757202,8518620
2025-09-01,3.190000057220459,3.2300000190734863,3.1700000762939453,3.2300000190734863,3.2300000190734863,10683260
2025-09-02,3.259999990463257,3.3499999046325684,3.200000047683716,3.2899999618530273,3.2899999618530273,14464690
2025-09-03,3.3399999141693115,3.3499999046325684,3.180000066757202,3.190000057220459,3.190000057220459,9973600
2025-09-04,3.190000057220459,3.2100000381469727,3.119999885559082,3.180000066757202,3.180000066757202,6568560
2025-09-05,3.1700000762939453,3.2300000190734863,3.1600000858306885,3.2100000381469727,3.2100000381469727,5304890
2025-09-08,3.2200000286102295,3.2200000286102295,3.1500000953674316,3.180000066757202,3.180000066757202,6910621
2025-09-09,3.1700000762939453,3.190000057220459,3.140000104904175,3.1500000953674316,3.1500000953674316,5832990
2025-09-10,3.1600000858306885,3.1600000858306885,3.0,3.0899999141693115,3.0899999141693115,13238634
2025-09-11,3.0999999046325684,3.240000009536743,3.0999999046325684,3.2300000190734863,3.2300000190734863,13220855
2025-09-12,3.200000047683716,3.2699999809265137,3.190000057220459,3.2699999809265137,3.2699999809265137,11629840
2025-09-15,3.2699999809265137,3.430000066757202,3.2300000190734863,3.4000000953674316,3.4000000953674316,16153621
2025-09-16,3.4000000953674316,3.5399999618530273,3.369999885559082,3.4200000762939453,3.4200000762939453,16320420
2025-09-17,3.4000000953674316,3.4700000286102295,3.359999895095825,3.380000114440918,3.380000114440918,8855319
2025-09-18,3.369999885559082,3.4100000858306885,3.2899999618530273,3.3299999237060547,3.3299999237060547,10060526
2025-09-19,3.319999933242798,3.369999885559082,3.299999952316284,3.359999895095825,3.359999895095825,6663277
2025-09-22,3.4100000858306885,3.4100000858306885,3.240000009536743,3.2699999809265137,3.2699999809265137,6789000
2025-09-23,3.2200000286102295,3.2699999809265137,3.1600000858306885,3.2100000381469727,3.2100000381469727,8345397
2025-09-24,3.200000047683716,3.25,3.1700000762939453,3.2200000286102295,3.2200000286102295,5770327
2025-09-25,3.240000009536743,3.240000009536743,3.109999895095825,3.1600000858306885,3.1600000858306885,11182091
2025-09-26,3.130000114440918,3.200000047683716,3.119999885559082,3.1500000953674316,3.1500000953674316,5800320
2025-09-29,3.0999999046325684,3.180000066757202,3.059999942779541,3.119999885559082,3.119999885559082,9205060
2025-09-30,3.140000104904175,3.140000104904175,3.069999933242798,3.119999885559082,3.119999885559082,5684115
2025-10-09,3.119999885559082,3.140000104904175,2.9600000381469727,3.0,3.0,16696983
2025-10-10,3.0,3.0999999046325684,2.990000009536743,3.0,3.0,10491093
2025-10-13,2.8499999046325684,3.0299999713897705,2.8499999046325684,3.009999990463257,3.009999990463257,8713740
2025-10-14,3.0399999618530273,3.0899999141693115,3.0,3.0299999713897705,3.0299999713897705,7610440
2025-10-15,3.0299999713897705,3.0899999141693115,3.0199999809265137,3.0799999237060547,3.0799999237060547,5965240
2025-10-16,3.0999999046325684,3.1500000953674316,3.0399999618530273,3.1500000953674316,3.1500000953674316,8558180
2025-10-17,3.1700000762939453,3.2200000286102295,3.109999895095825,3.119999885559082,3.119999885559082,9143520
2025-10-20,3.130000114440918,3.180000066757202,3.0899999141693115,3.180000066757202,3.180000066757202,7055360
2025-10-21,3.1700000762939453,3.2100000381469727,3.1600000858306885,3.180000066757202,3.180000066757202,5875800
2025-10-22,3.180000066757202,3.2300000190734863,3.1600000858306885,3.2300000190734863,3.2300000190734863,6381220
2025-10-23,3.2200000286102295,3.2899999618530273,3.1700000762939453,3.190000057220459,3.190000057220459,8024120
2025-10-24,3.190000057220459,3.190000057220459,3.140000104904175,3.1500000953674316,3.1500000953674316,6465360
2025-10-27,3.1600000858306885,3.240000009536743,3.140000104904175,3.2300000190734863,3.2300000190734863,6821120
2025-10-28,3.2100000381469727,3.2300000190734863,3.0999999046325684,3.0999999046325684,3.0999999046325684,9755800
2025-10-29,3.119999885559082,3.1600000858306885,3.0899999141693115,3.140000104904175,3.140000104904175,4393640
2025-10-30,3.1500000953674316,3.1500000953674316,3.0799999237060547,3.0899999141693115,3.0899999141693115,6004320
2025-10-31,3.0899999141693115,3.1700000762939453,3.0899999141693115,3.1700000762939453,3.1700000762939453,5213721
2025-11-03,3.1700000762939453,3.2100000381469727,3.109999895095825,3.180000066757202,3.180000066757202,7097940
2025-11-04,3.190000057220459,3.319999933242798,3.1500000953674316,3.2200000286102295,3.2200000286102295,13843220
2025-11-05,3.2200000286102295,3.380000114440918,3.200000047683716,3.359999895095825,3.359999895095825,21671837
2025-11-06,3.3399999141693115,3.450000047683716,3.319999933242798,3.4200000762939453,3.4200000762939453,15204117
2025-11-07,3.25,3.319999933242798,3.25,3.2699999809265137,3.2699999809265137,17800071
2025-11-10,3.2799999713897705,3.3299999237060547,3.190000057220459,3.200000047683716,3.200000047683716,11956679
2025-11-11,3.2200000286102295,3.2300000190734863,3.1600000858306885,3.190000057220459,3.190000057220459,7963600
2025-11-12,3.180000066757202,3.2200000286102295,3.130000114440918,3.1600000858306885,3.1600000858306885,9295100
2025-11-13,3.1600000858306885,3.180000066757202,3.109999895095825,3.119999885559082,3.119999885559082,9724000
2025-11-14,3.130000114440918,3.2200000286102295,3.109999895095825,3.119999885559082,3.119999885559082,14365260
2025-11-17,3.109999895095825,3.130000114440918,3.0799999237060547,3.119999885559082,3.119999885559082,11313100
2025-11-18,3.130000114440918,3.1500000953674316,3.0199999809265137,3.059999942779541,3.059999942779541,12160600
2025-11-19,3.059999942779541,3.059999942779541,3.0,3.059999942779541,3.059999942779541,9601760
2025-11-20,3.059999942779541,3.069999933242798,3.009999990463257,3.0299999713897705,3.0299999713897705,8979400
2025-11-21,3.0,3.0199999809265137,2.9100000858306885,2.950000047683716,2.950000047683716,9848600
2025-11-24,2.9600000381469727,3.049999952316284,2.9600000381469727,3.0199999809265137,3.0199999809265137,8324478
2025-11-25,3.009999990463257,3.0199999809265137,2.9600000381469727,3.0,3.0,7613020
2025-11-26,2.990000009536743,3.0,2.930000066757202,2.930000066757202,2.930000066757202,6008859
2025-11-27,2.930000066757202,3.0799999237060547,2.930000066757202,3.0799999237060547,3.0799999237060547,10422720
2025-11-28,3.1500000953674316,3.2300000190734863,3.140000104904175,3.2300000190734863,3.2300000190734863,11123660
2025-12-01,3.359999895095825,3.380000114440918,3.200000047683716,3.259999990463257,3.259999990463257,25352860
2025-12-02,3.2899999618530273,3.3499999046325684,3.2300000190734863,3.25,3.25,14085289
2025-12-03,3.259999990463257,3.259999990463257,3.0899999141693115,3.0899999141693115,3.0899999141693115,14148960
2025-12-04,3.0299999713897705,3.109999895095825,2.9700000286102295,3.069999933242798,3.069999933242798,11893031
2025-12-05,3.069999933242798,3.109999895095825,3.0199999809265137,3.0899999141693115,3.0899999141693115,6662060
2025-12-08,3.0999999046325684,3.119999885559082,3.049999952316284,3.049999952316284,3.049999952316284,9268540
2025-12-09,3.059999942779541,3.0799999237060547,3.0,3.009999990463257,3.009999990463257,7470783
2025-12-10,3.0199999809265137,3.0799999237060547,3.0199999809265137,3.0399999618530273,3.0399999618530273,4491000
2025-12-11,3.130000114440918,3.130000114440918,2.990000009536743,3.009999990463257,3.009999990463257,11288800
2025-12-12,3.009999990463257,3.059999942779541,2.9700000286102295,3.0,3.0,5953680
2025-12-15,3.009999990463257,3.0399999618530273,2.9800000190734863,3.0199999809265137,3.0199999809265137,5599891
2025-12-16,3.0,3.0199999809265137,2.9600000381469727,2.990000009536743,2.990000009536743,5303960
2025-12-17,2.9800000190734863,3.0,2.950000047683716,2.9700000286102295,2.9700000286102295,6117720
2025-12-18,2.9700000286102295,2.990000009536743,2.890000104904175,2.9000000953674316,2.9000000953674316,12510791
2025-12-19,2.950000047683716,3.049999952316284,2.950000047683716,3.049999952316284,3.049999952316284,15190311
2025-12-22,3.0399999618530273,3.069999933242798,3.009999990463257,3.059999942779541,3.059999942779541,10228771
2025-12-23,3.049999952316284,3.059999942779541,3.0199999809265137,3.0199999809265137,3.0199999809265137,4026360
2025-12-24,3.0199999809265137,3.0399999618530273,3.0,3.009999990463257,3.009999990463257,6484100
2025-12-25,3.0,3.0799999237060547,3.0,3.049999952316284,3.049999952316284,6122340
2025-12-26,3.069999933242798,3.0899999141693115,3.0199999809265137,3.059999942779541,3.059999942779541,5948503
2025-12-29,3.0299999713897705,3.0299999713897705,2.9800000190734863,3.0,3.0,6228300
2025-12-30,3.0199999809265137,3.0199999809265137,2.930000066757202,2.940000057220459,2.940000057220459,10204350
2025-12-31,2.930000066757202,2.950000047683716,2.9200000762939453,2.950000047683716,2.950000047683716,6358520
2026-01-05,2.940000057220459,2.990000009536743,2.940000057220459,2.940000057220459,2.940000057220459,7845047
2026-01-06,2.940000057220459,2.9700000286102295,2.9200000762939453,2.9600000381469727,2.9600000381469727,8060419
2026-01-07,2.950000047683716,3.0899999141693115,2.940000057220459,3.0199999809265137,3.0199999809265137,9936640
2026-01-08,3.009999990463257,3.0399999618530273,2.940000057220459,2.9600000381469727,2.9600000381469727,12865932
2026-01-09,2.9600000381469727,2.9700000286102295,2.9200000762939453,2.930000066757202,2.930000066757202,9783636
2026-01-12,2.930000066757202,2.930000066757202,2.890000104904175,2.9100000858306885,2.9100000858306885,13341103
2026-01-13,2.9000000953674316,2.950000047683716,2.890000104904175,2.9100000858306885,2.9100000858306885,7176000
2026-01-14,2.9000000953674316,2.9100000858306885,2.8499999046325684,2.880000114440918,2.880000114440918,9582580
2026-01-15,2.8499999046325684,2.869999885559082,2.809999942779541,2.8299999237060547,2.8299999237060547,8490428
2026-01-16,2.8499999046325684,2.859999895095825,2.75,2.7799999713897705,2.7799999713897705,7936100
2026-01-19,2.7799999713897705,2.8399999141693115,2.759999990463257,2.7899999618530273,2.7899999618530273,7781621
2026-01-20,2.8299999237060547,2.930000066757202,2.809999942779541,2.930000066757202,2.930000066757202,22441200
2026-01-21,2.9000000953674316,2.990000009536743,2.8499999046325684,2.940000057220459,2.940000057220459,15207440
2026-01-22,2.950000047683716,3.0299999713897705,2.9000000953674316,2.9200000762939453,2.9200000762939453,9942860
2026-01-23,2.9000000953674316,2.9600000381469727,2.9000000953674316,2.950000047683716,2.950000047683716,9430260
2026-01-26,2.950000047683716,3.0799999237060547,2.930000066757202,3.0299999713897705,3.0299999713897705,19688664
2026-01-27,3.0199999809265137,3.0999999046325684,2.9800000190734863,3.0999999046325684,3.0999999046325684,13569676
2026-01-28,3.119999885559082,3.2200000286102295,3.059999942779541,3.0899999141693115,3.0899999141693115,17074302
2026-01-29,3.059999942779541,3.130000114440918,3.0,3.0299999713897705,3.0299999713897705,10249400
2026-01-30,3.0299999713897705,3.0999999046325684,3.0199999809265137,3.0799999237060547,3.0799999237060547,8825580
2026-02-02,3.1600000858306885,3.200000047683716,3.069999933242798,3.0799999237060547,3.0799999237060547,16006100
2026-02-03,3.069999933242798,3.109999895095825,3.0299999713897705,3.109999895095825,3.109999895095825,8107920
2026-02-04,3.0899999141693115,3.1500000953674316,3.0299999713897705,3.069999933242798,3.069999933242798,10862420
2026-02-05,3.049999952316284,3.0799999237060547,3.0,3.0299999713897705,3.0299999713897705,6556220
2026-02-06,3.0299999713897705,3.0799999237060547,2.990000009536743,3.0799999237060547,3.0799999237060547,6972360
2026-02-09,3.0899999141693115,3.140000104904175,3.059999942779541,3.0799999237060547,3.0799999237060547,9048440
2026-02-10,3.2300000190734863,3.2300000190734863,3.2300000190734863,3.2300000190734863,3.2300000190734863,9294540
2026-02-11,3.390000104904175,3.390000104904175,3.390000104904175,3.390000104904175,3.390000104904175,1146520
2026-02-12,3.559999942779541,3.559999942779541,3.559999942779541,3.559999942779541,3.559999942779541,1342680
2026-02-13,3.740000009536743,3.740000009536743,3.5899999141693115,3.740000009536743,3.740000009536743,73611002
2026-02-24,3.930000066757202,3.930000066757202,3.930000066757202,3.930000066757202,3.930000066757202,6024960
2026-02-25,4.130000114440918,4.130000114440918,4.130000114440918,4.130000114440918,4.130000114440918,2142220
2026-02-26,4.340000152587891,4.340000152587891,4.340000152587891,4.340000152587891,4.340000152587891,2511940
2026-02-27,4.449999809265137,4.559999942779541,4.349999904632568,4.559999942779541,4.559999942779541,51677486
2026-03-02,4.349999904632568,4.5,4.329999923706055,4.409999847412109,4.409999847412109,72472986
2026-03-03,4.630000114440918,4.630000114440918,4.190000057220459,4.190000057220459,4.190000057220459,102957432
2026-03-04,3.9800000190734863,4.03000020980835,3.9800000190734863,3.9800000190734863,3.9800000190734863,45107700
2026-03-05,3.9700000286102295,4.159999847412109,3.7799999713897705,4.110000133514404,4.110000133514404,86064071
2026-03-06,4.0,4.050000190734863,3.9000000953674316,3.9000000953674316,3.9000000953674316,51257228
2026-03-09,4.079999923706055,4.099999904632568,3.940000057220459,4.0,4.0,54496697
2026-03-10,3.880000114440918,4.199999809265137,3.880000114440918,4.199999809265137,4.199999809265137,47732527
2026-03-11,4.400000095367432,4.409999847412109,4.329999923706055,4.409999847412109,4.409999847412109,27238190
2026-03-12,4.599999904632568,4.630000114440918,4.510000228881836,4.630000114440918,4.630000114440918,16056580
2026-03-13,4.75,4.860000133514404,4.670000076293945,4.860000133514404,4.860000133514404,68909325
2026-03-16,4.980000019073486,5.099999904632568,4.929999828338623,5.099999904632568,5.099999904632568,18277740
2026-03-17,5.360000133514404,5.360000133514404,4.860000133514404,5.360000133514404,5.360000133514404,101128089
2026-03-18,5.110000133514404,5.25,5.090000152587891,5.090000152587891,5.090000152587891,19413100
2026-03-19,4.840000152587891,5.320000171661377,4.840000152587891,5.050000190734863,5.050000190734863,69393243
2026-03-20,4.900000095367432,5.300000190734863,4.900000095367432,5.300000190734863,5.300000190734863,40802659
2026-03-23,5.400000095367432,5.559999942779541,5.110000133514404,5.480000019073486,5.480000019073486,65727668
2026-03-24,5.380000114440918,5.460000038146973,5.210000038146973,5.210000038146973,5.210000038146973,47801803
2026-03-25,5.079999923706055,5.119999885559082,4.949999809265137,4.949999809265137,4.949999809265137,45517191
2026-03-26,5.0,5.199999809265137,4.809999942779541,5.199999809265137,5.199999809265137,39674222
2026-03-27,4.940000057220459,5.199999809265137,4.940000057220459,5.019999980926514,5.019999980926514,41940291
2026-03-30,5.119999885559082,5.269999980926514,4.960000038146973,5.179999828338623,5.179999828338623,44767986
2026-03-31,5.179999828338623,5.320000171661377,4.920000076293945,5.130000114440918,5.130000114440918,40972799
2026-04-01,5.110000133514404,5.21999979019165,5.010000228881836,5.03000020980835,5.03000020980835,24031800
2026-04-02,5.010000228881836,5.059999942779541,4.820000171661377,4.829999923706055,4.829999923706055,25851746
2026-04-03,4.829999923706055,5.070000171661377,4.730000019073486,5.070000171661377,5.070000171661377,27188904
2026-04-07,5.25,5.300000190734863,5.070000171661377,5.170000076293945,5.170000076293945,27371780
2026-04-08,5.099999904632568,5.300000190734863,5.010000228881836,5.139999866485596,5.139999866485596,22762340
2026-04-09,5.139999866485596,5.289999961853027,5.099999904632568,5.179999828338623,5.179999828338623,25367306
2026-04-10,5.199999809265137,5.199999809265137,4.980000019073486,4.989999771118164,4.989999771118164,31169540
2026-04-13,4.739999771118164,4.739999771118164,4.739999771118164,4.739999771118164,4.739999771118164,7470400
2026-04-14,4.5,4.960000038146973,4.5,4.789999961853027,4.789999961853027,29704117
2026-04-15,4.619999885559082,4.78000020980835,4.559999942779541,4.630000114440918,4.630000114440918,31640438
2026-04-16,4.590000152587891,4.690000057220459,4.400000095367432,4.400000095367432,4.400000095367432,30577433
2026-04-17,4.400000095367432,4.550000190734863,4.320000171661377,4.460000038146973,4.460000038146973,20629340
2026-04-20,4.400000095367432,4.409999847412109,4.239999771118164,4.239999771118164,4.239999771118164,25692780
2026-04-21,4.21999979019165,4.349999904632568,4.159999847412109,4.159999847412109,4.159999847412109,20149960
2026-04-22,4.360000133514404,4.369999885559082,4.320000171661377,4.369999885559082,4.369999885559082,12866240
2026-04-23,4.460000038146973,4.460000038146973,4.150000095367432,4.170000076293945,4.170000076293945,35085342
2026-04-24,3.9800000190734863,4.139999866485596,3.9800000190734863,4.059999942779541,4.059999942779541,18762580
2026-04-27,4.079999923706055,4.190000057220459,3.950000047683716,4.150000095367432,4.150000095367432,15896180
2026-04-28,4.159999847412109,4.360000133514404,4.159999847412109,4.340000152587891,4.340000152587891,23098875
2026-04-29,4.300000190734863,4.409999847412109,4.230000019073486,4.309999942779541,4.309999942779541,18612000
2026-04-30,4.28000020980835,4.329999923706055,4.170000076293945,4.190000057220459,4.190000057220459,13926580
2026-05-06,4.179999828338623,4.199999809265137,4.019999980926514,4.079999923706055,4.079999923706055,17512240
2026-05-07,4.079999923706055,4.119999885559082,4.03000020980835,4.03000020980835,4.03000020980835,12645892
2026-05-08,4.03000020980835,4.139999866485596,3.9700000286102295,4.099999904632568,4.099999904632568,14486571
2026-05-11,4.099999904632568,4.130000114440918,4.010000228881836,4.03000020980835,4.03000020980835,15073204
2026-05-12,4.03000020980835,4.159999847412109,4.010000228881836,4.03000020980835,4.03000020980835,13022240
2026-05-13,4.050000190734863,4.050000190734863,3.9800000190734863,4.0,4.0,10875840
2026-05-14,4.090000152587891,4.199999809265137,4.079999923706055,4.199999809265137,4.199999809265137,9874220
2026-05-15,4.409999847412109,4.409999847412109,4.320000171661377,4.409999847412109,4.409999847412109,12188360
2026-05-18,4.630000114440918,4.630000114440918,4.630000114440918,4.630000114440918,4.630000114440918,1567280
2026-05-19,4.860000133514404,4.860000133514404,4.860000133514404,4.860000133514404,4.860000133514404,843920
2026-05-20,4.820000171661377,4.820000171661377,4.619999885559082,4.619999885559082,4.619999885559082,8436300
2026-05-21,4.389999866485596,4.389999866485596,4.389999866485596,4.389999866485596,4.389999866485596,3477300
2026-05-22,4.260000228881836,4.360000133514404,4.170000076293945,4.170000076293945,4.170000076293945,23356368
2026-05-25,4.170000076293945,4.25,4.059999942779541,4.159999847412109,4.159999847412109,16464120
2026-05-26,4.170000076293945,4.190000057220459,4.010000228881836,4.070000171661377,4.070000171661377,10743820
2026-05-27,4.119999885559082,4.190000057220459,4.019999980926514,4.099999904632568,4.099999904632568,9883440
2026-05-28,4.110000133514404,4.179999828338623,4.079999923706055,4.159999847412109,4.159999847412109,8094060
2026-05-29,4.210000038146973,4.369999885559082,4.210000038146973,4.369999885559082,4.369999885559082,5115480
2026-06-01,4.559999942779541,4.579999923706055,4.349999904632568,4.449999809265137,4.449999809265137,17896077
2026-06-02,4.369999885559082,4.489999771118164,4.309999942779541,4.369999885559082,4.369999885559082,11471800
2026-06-03,4.320000171661377,4.400000095367432,4.150000095367432,4.199999809265137,4.199999809265137,12451153
2026-06-04,4.210000038146973,4.369999885559082,4.150000095367432,4.360000133514404,4.360000133514404,12696600
2026-06-05,4.300000190734863,4.400000095367432,4.239999771118164,4.239999771118164,4.239999771118164,8140700
2026-06-08,4.179999828338623,4.260000228881836,4.119999885559082,4.150000095367432,4.150000095367432,7742400
2026-06-09,4.170000076293945,4.199999809265137,4.099999904632568,4.170000076293945,4.170000076293945,5790940
2026-06-10,4.150000095367432,4.199999809265137,4.090000152587891,4.099999904632568,4.099999904632568,6065840
2026-06-11,4.050000190734863,4.119999885559082,4.019999980926514,4.039999961853027,4.039999961853027,6321500
2026-06-12,4.050000190734863,4.090000152587891,4.0,4.059999942779541,4.059999942779541,5247040
2026-06-15,4.079999923706055,4.099999904632568,4.010000228881836,4.050000190734863,4.050000190734863,7405000
2026-06-16,4.03000020980835,4.050000190734863,3.9800000190734863,4.019999980926514,4.019999980926514,6489654
2026-06-17,4.03000020980835,4.21999979019165,3.990000009536743,4.150000095367432,4.150000095367432,13445398
2026-06-18,4.019999980926514,4.119999885559082,4.010000228881836,4.03000020980835,4.03000020980835,8279000
2026-06-22,4.03000020980835,4.059999942779541,3.8299999237060547,3.880000114440918,3.880000114440918,13294380
2026-06-23,3.880000114440918,3.9600000381469727,3.75,3.880000114440918,3.880000114440918,10087163
2026-06-24,3.890000104904175,3.950000047683716,3.819999933242798,3.9200000762939453,3.9200000762939453,7025560
2026-06-25,3.880000114440918,3.9600000381469727,3.7200000286102295,3.809999942779541,3.809999942779541,10679420
2026-06-26,3.759999990463257,3.799999952316284,3.619999885559082,3.630000114440918,3.630000114440918,10616000
2026-06-29,3.609999895095825,3.630000114440918,3.450000047683716,3.450000047683716,3.450000047683716,10678800
2026-06-30,3.3399999141693115,3.609999895095825,3.319999933242798,3.549999952316284,3.549999952316284,11297260
2026-07-01,3.559999942779541,3.7300000190734863,3.559999942779541,3.7300000190734863,3.7300000190734863,9454100
2026-07-02,3.759999990463257,3.9200000762939453,3.75,3.819999933242798,3.819999933242798,10267220
2026-07-03,3.819999933242798,3.9000000953674316,3.75,3.7899999618530273,3.7899999618530273,7499920
2026-07-06,3.930000066757202,3.9600000381469727,3.7699999809265137,3.7799999713897705,3.7799999713897705,5155240
2026-07-07,3.759999990463257,3.7799999713897705,3.5299999713897705,3.630000114440918,3.630000114440918,6996717
2026-07-08,3.5999999046325684,3.75,3.549999952316284,3.630000114440918,3.630000114440918,5467230
2026-07-09,3.619999885559082,3.7799999713897705,3.619999885559082,3.690000057220459,3.690000057220459,7302340
2026-07-10,3.6600000858306885,3.700000047683716,3.609999895095825,3.6500000953674316,3.6500000953674316,4782200
2026-07-13,3.6600000858306885,3.7699999809265137,3.630000114440918,3.740000009536743,3.740000009536743,9586682
2026-07-14,3.7100000381469727,3.819999933242798,3.6500000953674316,3.6700000762939453,3.6700000762939453,8863100
2026-07-15,3.6600000858306885,3.950000047683716,3.5899999141693115,3.799999952316284,3.799999952316284,10978040
2026-07-16,3.7799999713897705,3.869999885559082,3.740000009536743,3.75,3.75,5045840
2026-07-17,3.75,3.75,3.509999990463257,3.549999952316284,3.549999952316284,7728800
2026-07-20,3.559999942779541,3.630000114440918,3.4200000762939453,3.4200000762939453,3.4200000762939453,7210400
2026-07-21,3.430000066757202,3.5199999809265137,3.2200000286102295,3.3499999046325684,3.3499999046325684,8211517
2026-07-22,3.3499999046325684,3.390000104904175,3.25,3.319999933242798,3.319999933242798,4816269
2026-07-23,3.309999942779541,3.509999990463257,3.299999952316284,3.4200000762939453,3.4200000762939453,6010737
2026-07-24,3.430000066757202,3.430000066757202,3.3499999046325684,3.3499999046325684,3.3499999046325684,2410400
2026-07-27,3.3299999237060547,3.4200000762939453,3.299999952316284,3.4000000953674316,3.4000000953674316,2620600
2026-07-28,3.390000104904175,3.5199999809265137,3.3299999237060547,3.4100000858306885,3.4100000858306885,4451200
2026-07-29,3.4200000762939453,3.4600000381469727,3.369999885559082,3.4100000858306885,3.4100000858306885,2758063
2026-07-30,3.4000000953674316,3.430000066757202,3.3399999141693115,3.3399999141693115,3.3399999141693115,3166640
2026-07-31,3.3499999046325684,3.380000114440918,3.319999933242798,3.3399999141693115,3.3399999141693115,4129360
2026-08-03,3.3299999237060547,3.4600000381469727,3.319999933242798,3.440000057220459,3.440000057220459,4872186
2026-08-04,3.5,3.630000114440918,3.440000057220459,3.5899999141693115,3.5899999141693115,6121123
2026-08-05,3.5999999046325684,3.690000057220459,3.559999942779541,3.5899999141693115,3.5899999141693115,5298100
2026-08-06,3.5999999046325684,3.5999999046325684,3.4800000190734863,3.5299999713897705,3.5299999713897705,5412220
2026-08-07,3.5299999713897705,3.5299999713897705,3.4600000381469727,3.4800000190734863,3.4800000190734863,4330140
2026-08-10,3.4800000190734863,3.5299999713897705,3.450000047683716,3.5299999713897705,3.5299999713897705,3431040
2026-08-11,3.5199999809265137,3.619999885559082,3.5,3.5399999618530273,3.5399999618530273,3883433
2026-08-12,3.5399999618530273,3.890000104904175,3.5299999713897705,3.890000104904175,3.890000104904175,10492580
2026-08-13,4.0,4.170000076293945,3.9700000286102295,4.0,4.0,19774000
2026-08-14,4.0,4.119999885559082,3.9700000286102295,3.990000009536743,3.990000009536743,7115200
