Date,Open,High,Low,Close,Adj Close,Volume
2021-08-16,36.060001373291016,38.29999923706055,35.630001068115234,37.83000183105469,34.15206527709961,11141762
2021-08-17,37.709999084472656,38.099998474121094,36.029998779296875,36.20000076293945,32.680538177490234,8428911
2021-08-18,36.20000076293945,36.41999816894531,34.7599983215332,35.400001525878906,31.95831871032715,7646393
2021-08-19,35.38999938964844,35.400001525878906,34.0,34.29999923706055,30.965261459350586,6212512
2021-08-20,34.13999938964844,34.2599983215332,32.790000915527344,33.45000076293945,30.197898864746094,7120170
2021-08-23,33.58000183105469,34.869998931884766,33.36000061035156,34.0,30.694427490234375,5970673
2021-08-24,34.36000061035156,34.5,33.70000076293945,33.959999084472656,30.658315658569336,4277562
2021-08-25,33.79999923706055,34.099998474121094,32.83000183105469,32.849998474121094,29.65622901916504,6590214
2021-08-26,32.84000015258789,33.09000015258789,32.04999923706055,32.16999816894531,29.042341232299805,5817288
2021-08-27,32.130001068115234,32.779998779296875,31.389999389648438,32.43000030517578,29.277067184448242,4470113
2021-08-30,32.90999984741211,32.90999984741211,31.139999389648438,31.440000534057617,28.383317947387695,6081680
2021-08-31,30.700000762939453,32.130001068115234,29.649999618530273,31.700000762939453,28.618040084838867,7507989
2021-09-01,31.760000228881836,32.099998474121094,30.729999542236328,31.420000076293945,28.36526107788086,8041293
2021-09-02,31.489999771118164,32.81999969482422,30.6200008392334,32.54999923706055,29.385400772094727,9444408
2021-09-03,32.220001220703125,32.79999923706055,32.0099983215332,32.380001068115234,29.231929779052734,3765958
2021-09-06,32.540000915527344,32.959999084472656,32.099998474121094,32.849998474121094,29.65622901916504,4321190
2021-09-07,32.9900016784668,33.720001220703125,32.9900016784668,33.470001220703125,30.215953826904297,6371653
2021-09-08,33.470001220703125,34.34000015258789,33.29999923706055,33.4900016784668,30.234012603759766,4594099
2021-09-09,33.400001525878906,33.41999816894531,31.989999771118164,32.04999923706055,28.934011459350586,6110498
2021-09-10,32.060001373291016,32.459999084472656,31.0,31.709999084472656,28.62706756591797,5777679
2021-09-13,31.760000228881836,31.8799991607666,30.15999984741211,30.6299991607666,27.652069091796875,8391308
2021-09-14,30.5,30.8799991607666,30.030000686645508,30.18000030517578,27.245819091796875,7271164
2021-09-15,30.18000030517578,30.350000381469727,29.90999984741211,30.1299991607666,27.2006778717041,6154104
2021-09-16,30.06999969482422,30.360000610351562,29.139999389648438,30.149999618530273,27.21873664855957,8516485
2021-09-17,30.200000762939453,31.229999542236328,29.700000762939453,30.950000762939453,27.940956115722656,9080134
2021-09-22,30.5,31.770000457763672,30.030000686645508,31.420000076293945,28.36526107788086,5852554
2021-09-23,31.360000610351562,32.630001068115234,30.8799991607666,32.31999969482422,29.17776107788086,8440221
2021-09-24,32.189998626708984,32.849998474121094,31.399999618530273,31.84000015258789,28.744428634643555,5801107
2021-09-27,31.780000686645508,32.779998779296875,31.5,32.33000183105469,29.186792373657227,4410506
2021-09-28,32.060001373291016,32.880001068115234,31.899999618530273,32.54999923706055,29.385400772094727,4064866
2021-09-29,32.36000061035156,32.95000076293945,31.850000381469727,32.650001525878906,29.475679397583008,4231125
2021-09-30,32.84000015258789,33.47999954223633,32.459999084472656,33.33000183105469,30.089567184448242,4904189
2021-10-08,33.45000076293945,34.099998474121094,33.099998474121094,33.43000030517578,30.17984390258789,4444853
2021-10-11,33.43000030517578,33.689998626708984,32.56999969482422,32.630001068115234,29.457622528076172,4165504
2021-10-12,32.93000030517578,32.95000076293945,32.20000076293945,32.5,29.340261459350586,3003524
2021-10-13,32.5,32.7599983215332,31.209999084472656,32.16999816894531,29.042341232299805,3783612
2021-10-14,32.18000030517578,32.400001525878906,31.520000457763672,31.600000381469727,28.52776336669922,1901288
2021-10-15,31.3799991607666,32.93000030517578,31.3799991607666,32.060001373291016,28.94304084777832,3201150
2021-10-18,32.029998779296875,32.150001525878906,31.049999237060547,31.280000686645508,28.238872528076172,3099250
2021-10-19,31.15999984741211,32.150001525878906,31.030000686645508,32.060001373291016,28.94304084777832,3485589
2021-10-20,31.969999313354492,32.58000183105469,31.440000534057617,32.29999923706055,29.159704208374023,3606720
2021-10-21,32.189998626708984,32.20000076293945,30.829999923706055,31.90999984741211,28.8076229095459,4889482
2021-10-22,31.790000915527344,33.58000183105469,31.600000381469727,33.38999938964844,30.143733978271484,9035591
2021-10-25,33.70000076293945,33.70000076293945,31.760000228881836,31.989999771118164,28.879844665527344,6948964
2021-10-26,31.56999969482422,33.72999954223633,31.56999969482422,33.45000076293945,30.197898864746094,9889991
2021-10-27,33.33000183105469,34.15999984741211,33.29999923706055,33.970001220703125,30.66734504699707,8258685
2021-10-28,33.65999984741211,36.18000030517578,33.099998474121094,33.459999084472656,30.206926345825195,11240531
2021-10-29,33.470001220703125,35.15999984741211,33.209999084472656,34.9900016784668,31.588176727294922,12184846
2021-11-01,37.5,38.4900016784668,37.0099983215332,38.4900016784668,34.747901916503906,26982780
2021-11-02,39.209999084472656,41.25,36.58000183105469,40.099998474121094,36.20137023925781,46903045
2021-11-03,38.88999938964844,40.0,37.79999923706055,39.400001525878906,35.569427490234375,20362079
2021-11-04,39.38999938964844,40.97999954223633,39.02000045776367,39.58000183105469,35.7319221496582,21149968
2021-11-05,39.619998931884766,41.02000045776367,39.04999923706055,40.220001220703125,36.3097038269043,17223724
2021-11-08,40.22999954223633,40.790000915527344,39.13999938964844,40.099998474121094,36.20137023925781,14392600
2021-11-09,40.0,40.86000061035156,39.18000030517578,40.5,36.56248092651367,12738007
2021-11-10,40.04999923706055,42.4900016784668,39.349998474121094,40.619998931884766,36.67081069946289,16135022
2021-11-11,40.66999816894531,40.66999816894531,39.38999938964844,39.79999923706055,35.930538177490234,12281794
2021-11-12,39.70000076293945,40.20000076293945,38.900001525878906,39.29999923706055,35.47914505004883,13640143
2021-11-15,39.709999084472656,40.79999923706055,39.400001525878906,40.380001068115234,36.45414352416992,18844249
2021-11-16,40.0099983215332,40.689998626708984,39.400001525878906,39.630001068115234,35.77706527709961,10007902
2021-11-17,39.630001068115234,41.0099983215332,39.27000045776367,40.560001373291016,36.61664581298828,11854099
2021-11-18,40.5,40.5,38.900001525878906,39.0,35.20831298828125,12371447
2021-11-19,39.18000030517578,41.220001220703125,39.18000030517578,40.95000076293945,36.96873092651367,16885821
2021-11-22,41.52000045776367,41.75,39.79999923706055,40.9900016784668,37.004844665527344,12943943
2021-11-23,40.5,40.77000045776367,39.209999084472656,40.59000015258789,36.64373016357422,12766484
2021-11-24,39.29999923706055,41.38999938964844,39.08000183105469,40.52000045776367,36.58053970336914,12590189
2021-11-25,40.47999954223633,41.15999984741211,39.810001373291016,40.09000015258789,36.192344665527344,9926228
2021-11-26,39.93000030517578,40.09000015258789,37.70000076293945,38.380001068115234,34.648590087890625,18540241
2021-11-29,37.88999938964844,39.02000045776367,37.599998474121094,38.650001525878906,34.8923454284668,12568545
2021-11-30,38.90999984741211,40.2400016784668,38.380001068115234,40.2400016784668,36.3277587890625,11742005
2021-12-01,39.540000915527344,39.79999923706055,38.18000030517578,39.209999084472656,35.39790344238281,10459355
2021-12-02,38.9900016784668,39.36000061035156,38.0,38.25,34.53123474121094,6082241
2021-12-03,38.58000183105469,38.66999816894531,37.349998474121094,38.0,34.305538177490234,7671797
2021-12-06,37.560001373291016,38.0099983215332,37.29999923706055,37.310001373291016,33.6826171875,6429527
2021-12-07,37.369998931884766,37.939998626708984,36.189998626708984,36.630001068115234,33.06873321533203,8880500
2021-12-08,36.9900016784668,38.84000015258789,36.5,38.650001525878906,34.8923454284668,11985174
2021-12-09,38.380001068115234,42.52000045776367,38.279998779296875,42.52000045776367,38.38608932495117,29626223
2021-12-10,43.0,43.400001525878906,40.47999954223633,41.02000045776367,37.03192138671875,28064349
2021-12-13,41.04999923706055,41.619998931884766,39.97999954223633,41.0,37.01387405395508,20976834
2021-12-14,40.84000015258789,41.130001068115234,39.90999984741211,40.47999954223633,36.5444221496582,10900126
2021-12-15,40.279998779296875,41.29999923706055,40.099998474121094,40.709999084472656,36.7520637512207,9332099
2021-12-16,40.720001220703125,41.15999984741211,40.209999084472656,40.9900016784668,37.004844665527344,13585759
2021-12-17,40.4900016784668,40.79999923706055,38.79999923706055,40.09000015258789,36.192344665527344,18616807
2021-12-20,40.189998626708984,40.29999923706055,39.099998474121094,39.31999969482422,35.49720001220703,8576610
2021-12-21,39.31999969482422,40.79999923706055,39.130001068115234,40.2400016784668,36.3277587890625,7817800
2021-12-22,40.13999938964844,42.369998931884766,40.0099983215332,41.81999969482422,37.754146575927734,17344248
2021-12-23,43.689998626708984,44.18000030517578,42.83000183105469,43.599998474121094,39.36109161376953,15499470
2021-12-24,43.5099983215332,45.150001525878906,43.15999984741211,44.209999084472656,39.91178512573242,15379291
2021-12-27,44.0,44.88999938964844,43.02000045776367,43.369998931884766,39.153446197509766,8893659
2021-12-28,43.63999938964844,44.349998474121094,42.68000030517578,43.099998474121094,38.90970230102539,8731805
2021-12-29,43.36000061035156,43.369998931884766,41.72999954223633,42.08000183105469,37.98887252807617,9897163
2021-12-30,42.54999923706055,43.34000015258789,41.7599983215332,42.220001220703125,38.11525344848633,10112171
2021-12-31,42.5099983215332,42.95000076293945,41.4900016784668,42.43000030517578,38.304840087890625,10808154
2022-01-04,42.79999923706055,43.65999984741211,41.290000915527344,43.52000045776367,39.28886795043945,11006205
2022-01-05,43.5,43.52000045776367,40.09000015258789,41.86000061035156,37.790260314941406,15283756
2022-01-06,41.349998474121094,41.650001525878906,39.59000015258789,40.720001220703125,36.76109313964844,9657844
2022-01-07,40.7400016784668,42.54999923706055,40.59000015258789,41.91999816894531,37.84442138671875,10532840
2022-01-10,41.400001525878906,43.0,40.81999969482422,42.529998779296875,38.395118713378906,7985675
2022-01-11,42.5099983215332,43.4900016784668,41.40999984741211,42.0,37.91664123535156,6451745
2022-01-12,42.04999923706055,43.099998474121094,41.900001525878906,42.119998931884766,38.02497863769531,6598752
2022-01-13,42.220001220703125,42.220001220703125,40.04999923706055,40.54999923706055,36.60762023925781,10324310
2022-01-14,40.349998474121094,41.4900016784668,39.0099983215332,40.95000076293945,36.96873092651367,7150551
2022-01-17,41.029998779296875,41.470001220703125,40.040000915527344,40.119998931884766,36.219425201416016,7461847
2022-01-18,40.099998474121094,40.56999969482422,39.630001068115234,39.779998779296875,35.912479400634766,7047841
2022-01-19,39.630001068115234,39.790000915527344,38.119998931884766,38.869998931884766,35.09095001220703,9309702
2022-01-20,38.869998931884766,38.95000076293945,37.95000076293945,38.45000076293945,34.711788177490234,5434127
2022-01-21,38.02000045776367,38.439998626708984,37.599998474121094,38.029998779296875,34.332618713378906,4228098
2022-01-24,37.849998474121094,38.689998626708984,37.20000076293945,38.619998931884766,34.86525344848633,7250133
2022-01-25,38.47999954223633,38.58000183105469,37.33000183105469,37.66999816894531,34.00761413574219,7334775
2022-01-26,37.630001068115234,38.150001525878906,37.08000183105469,37.70000076293945,34.03470230102539,6061363
2022-01-27,37.90999984741211,37.90999984741211,36.5,36.56999969482422,33.014564514160156,5320740
2022-01-28,36.959999084472656,37.36000061035156,36.06999969482422,36.310001373291016,32.77984619140625,8005228
2022-02-07,37.0,37.2400016784668,35.5,36.90999984741211,33.321510314941406,9134260
2022-02-08,37.290000915527344,37.290000915527344,35.540000915527344,36.209999084472656,32.6895637512207,6804995
2022-02-09,36.0,36.349998474121094,35.2400016784668,35.77000045776367,32.2923469543457,6975724
2022-02-10,35.56999969482422,35.959999084472656,34.25,35.099998474121094,31.68747901916504,15491990
2022-02-11,35.150001525878906,35.27000045776367,34.02000045776367,34.2400016784668,30.911096572875977,13689216
2022-02-14,34.029998779296875,34.630001068115234,33.849998474121094,34.2599983215332,30.92915153503418,6793834
2022-02-15,34.33000183105469,35.95000076293945,34.189998626708984,35.58000183105469,32.120819091796875,7766311
2022-02-16,35.650001525878906,36.97999954223633,35.599998474121094,36.54999923706055,32.99650955200195,8168626
2022-02-17,36.5,36.86000061035156,35.33000183105469,36.529998779296875,32.97845458984375,7648153
2022-02-18,36.29999923706055,36.45000076293945,35.709999084472656,36.33000183105469,32.79790496826172,4350328
2022-02-21,35.939998626708984,36.47999954223633,35.56999969482422,36.029998779296875,32.527069091796875,3426645
2022-02-22,36.0,36.0,35.08000183105469,35.310001373291016,31.87706756591797,3158264
2022-02-23,35.22999954223633,36.119998931884766,35.20000076293945,35.91999816894531,32.427757263183594,3652106
2022-02-24,35.79999923706055,36.18000030517578,34.88999938964844,35.310001373291016,31.87706756591797,4889334
2022-02-25,35.5,36.41999816894531,35.20000076293945,35.9900016784668,32.4909553527832,6750945
2022-02-28,36.380001068115234,36.470001220703125,34.2400016784668,34.61000061035156,31.24512481689453,8520403
2022-03-01,34.529998779296875,34.79999923706055,33.400001525878906,34.08000183105469,30.76664924621582,12848882
2022-03-02,34.0,34.29999923706055,33.099998474121094,33.40999984741211,30.161788940429688,5679465
2022-03-03,33.58000183105469,33.849998474121094,32.439998626708984,32.70000076293945,29.520814895629883,9285582
2022-03-04,32.5,33.099998474121094,32.02000045776367,32.369998931884766,29.222898483276367,8281090
2022-03-07,32.02000045776367,32.56999969482422,30.56999969482422,31.100000381469727,28.076374053955078,14696888
2022-03-08,31.690000534057617,32.20000076293945,30.3700008392334,30.690000534057617,27.706233978271484,11169535
2022-03-09,30.799999237060547,31.010000228881836,29.200000762939453,30.229999542236328,27.29095458984375,14273376
2022-03-10,30.799999237060547,30.899999618530273,30.06999969482422,30.270000457763672,27.327070236206055,7118718
2022-03-11,29.799999237060547,30.770000457763672,29.530000686645508,30.729999542236328,27.742345809936523,7532549
2022-03-14,30.40999984741211,30.809999465942383,30.020000457763672,30.059999465942383,27.13748550415039,5297138
2022-03-15,29.760000228881836,30.899999618530273,29.06999969482422,29.239999771118164,26.397207260131836,8694150
2022-03-16,29.450000762939453,30.260000228881836,28.65999984741211,30.149999618530273,27.21873664855957,9781756
2022-03-17,30.799999237060547,33.15999984741211,30.799999237060547,32.54999923706055,29.385400772094727,18592564
2022-03-18,32.310001373291016,33.08000183105469,31.6299991607666,31.81999969482422,28.72637176513672,9179672
2022-03-21,32.09000015258789,32.09000015258789,31.020000457763672,31.530000686645508,28.464567184448242,9555478
2022-03-22,31.5,31.68000030517578,30.889999389648438,31.15999984741211,28.130538940429688,6402697
2022-03-23,31.450000762939453,31.469999313354492,30.81999969482422,31.15999984741211,28.130538940429688,4673995
2022-03-24,31.010000228881836,31.15999984741211,30.25,30.75,27.76040267944336,3926563
2022-03-25,31.15999984741211,31.15999984741211,30.09000015258789,30.149999618530273,27.21873664855957,4957482
2022-03-28,29.850000381469727,30.1299991607666,29.3700008392334,29.6299991607666,26.74928855895996,6198717
2022-03-29,29.889999389648438,30.020000457763672,28.549999237060547,28.6200008392334,25.837486267089844,6517136
2022-03-30,28.899999618530273,29.600000381469727,28.649999618530273,29.450000762939453,26.5867919921875,6620516
2022-03-31,29.299999237060547,29.31999969482422,28.760000228881836,28.81999969482422,26.018041610717773,4600516
2022-04-01,28.540000915527344,28.920000076293945,28.3799991607666,28.65999984741211,25.87359619140625,4671602
2022-04-06,28.68000030517578,28.700000762939453,27.600000381469727,27.850000381469727,25.14234733581543,6390464
2022-04-07,29.829999923706055,30.639999389648438,28.770000457763672,28.860000610351562,26.054153442382812,27378401
2022-04-08,28.219999313354492,29.56999969482422,27.850000381469727,28.780000686645508,25.981929779052734,17728544
2022-04-11,28.489999771118164,28.489999771118164,27.200000762939453,27.25,24.600679397583008,11071590
2022-04-12,27.260000228881836,28.09000015258789,27.010000228881836,27.700000762939453,25.00693130493164,12639371
2022-04-13,27.479999542236328,27.479999542236328,26.799999237060547,26.860000610351562,24.248598098754883,6603078
2022-04-14,27.010000228881836,27.84000015258789,26.81999969482422,27.690000534057617,24.99790382385254,6635089
2022-04-15,27.5,29.450000762939453,27.229999542236328,29.149999618530273,26.31595802307129,12040958
2022-04-18,28.979999542236328,30.15999984741211,28.579999923706055,29.510000228881836,26.64095687866211,8516911
2022-04-19,29.420000076293945,29.600000381469727,28.510000228881836,28.719999313354492,25.927762985229492,7011624
2022-04-20,28.75,30.09000015258789,28.719999313354492,29.049999237060547,26.22568130493164,9028909
2022-04-21,29.329999923706055,30.0,28.729999542236328,29.43000030517578,26.568735122680664,8545353
2022-04-22,29.31999969482422,29.43000030517578,28.600000381469727,28.959999084472656,26.144428253173828,6574239
2022-04-25,28.469999313354492,28.639999389648438,27.579999923706055,27.690000534057617,24.99790382385254,8802425
2022-04-26,28.030000686645508,28.15999984741211,25.93000030517578,26.450000762939453,23.87845802307129,11149557
2022-04-27,25.899999618530273,28.020000457763672,25.440000534057617,28.0,25.27776527404785,10373865
2022-04-28,27.84000015258789,28.979999542236328,27.6299991607666,28.450000762939453,25.68401527404785,9061623
2022-04-29,28.600000381469727,29.6200008392334,27.8799991607666,29.469999313354492,26.604846954345703,9828965
2022-05-05,30.0,30.010000228881836,29.0,29.239999771118164,26.397207260131836,8636667
2022-05-06,28.3799991607666,28.520000457763672,27.809999465942383,27.90999984741211,25.196514129638672,7131213
2022-05-09,27.899999618530273,28.239999771118164,27.34000015258789,27.540000915527344,24.86248779296875,4221553
2022-05-10,27.059999465942383,28.469999313354492,26.920000076293945,28.3700008392334,25.611793518066406,5484987
2022-05-11,28.40999984741211,29.75,28.299999237060547,28.780000686645508,25.981929779052734,9953167
2022-05-12,28.329999923706055,28.93000030517578,28.25,28.479999542236328,25.711097717285156,7873424
2022-05-13,28.969999313354492,29.18000030517578,28.0,28.40999984741211,25.64790153503418,6586924
2022-05-16,28.81999969482422,28.8700008392334,27.899999618530273,28.0,25.27776527404785,5291880
2022-05-17,28.049999237060547,28.43000030517578,27.600000381469727,28.43000030517578,25.665958404541016,8067854
2022-05-18,28.43000030517578,28.950000762939453,28.040000915527344,28.309999465942383,25.5576229095459,6299997
2022-05-19,27.8700008392334,28.239999771118164,27.6200008392334,28.079999923706055,25.349985122680664,5830748
2022-05-20,28.34000015258789,28.899999618530273,28.079999923706055,28.75,25.95484733581543,9331130
2022-05-23,28.850000381469727,29.260000228881836,28.420000076293945,28.6299991607666,25.846511840820312,6162969
2022-05-24,28.600000381469727,29.1299991607666,27.010000228881836,27.020000457763672,24.393043518066406,12161727
2022-05-25,27.100000381469727,27.100000381469727,26.510000228881836,26.860000610351562,24.248598098754883,6755816
2022-05-26,27.040000915527344,27.299999237060547,26.09000015258789,26.899999618530273,24.284706115722656,7277906
2022-05-27,26.799999237060547,27.479999542236328,26.649999618530273,26.8700008392334,24.257627487182617,5499394
2022-05-30,26.940000534057617,27.700000762939453,26.81999969482422,27.579999923706055,24.898595809936523,8243059
2022-05-31,27.5,30.34000015258789,27.270000457763672,30.34000015258789,27.390262603759766,20735290
2022-06-01,30.770000457763672,30.950000762939453,30.0,30.299999237060547,27.35415267944336,16079348
2022-06-02,30.299999237060547,31.059999465942383,30.0,30.75,27.76040267944336,7543877
2022-06-06,30.8799991607666,31.3799991607666,30.170000076293945,30.729999542236328,27.742345809936523,11275412
2022-06-07,30.739999771118164,30.8700008392334,29.799999237060547,30.450000762939453,27.48956871032715,9293833
2022-06-08,29.920000076293945,30.079999923706055,29.239999771118164,29.729999542236328,27.287639617919922,9178549
2022-06-09,29.75,29.860000610351562,28.479999542236328,28.700000762939453,26.342256546020508,9233880
2022-06-10,28.709999084472656,29.469999313354492,28.280000686645508,29.389999389648438,26.97557258605957,8955339
2022-06-13,29.06999969482422,29.65999984741211,28.329999923706055,28.8700008392334,26.498291015625,10701605
2022-06-14,28.59000015258789,29.059999465942383,27.790000915527344,28.899999618530273,26.525827407836914,8846932
2022-06-15,28.790000915527344,29.56999969482422,28.700000762939453,28.920000076293945,26.5441837310791,8478641
2022-06-16,28.940000534057617,29.6299991607666,28.780000686645508,29.18000030517578,26.78282356262207,10225549
2022-06-17,28.84000015258789,29.420000076293945,28.270000457763672,28.760000228881836,26.397329330444336,12799164
2022-06-20,28.920000076293945,29.299999237060547,28.719999313354492,29.190000534057617,26.792003631591797,12622059
2022-06-21,29.489999771118164,30.5,29.40999984741211,30.010000228881836,27.544639587402344,20242561
2022-06-22,29.8799991607666,30.1299991607666,28.18000030517578,28.299999237060547,25.975116729736328,21311925
2022-06-23,28.0,28.34000015258789,27.299999237060547,28.1299991607666,25.81908416748047,14657845
2022-06-24,28.1299991607666,29.139999389648438,28.1200008392334,28.68000030517578,26.323902130126953,11464169
2022-06-27,28.979999542236328,29.149999618530273,28.440000534057617,28.760000228881836,26.397329330444336,11247862
2022-06-28,28.709999084472656,30.09000015258789,28.280000686645508,29.950000762939453,27.48956871032715,16718218
2022-06-29,29.850000381469727,31.100000381469727,29.65999984741211,29.81999969482422,27.370248794555664,19725269
2022-06-30,29.969999313354492,30.579999923706055,29.84000015258789,30.209999084472656,27.728208541870117,9959656
2022-07-01,30.290000915527344,30.93000030517578,29.959999084472656,30.209999084472656,27.728208541870117,11037319
2022-07-04,30.100000381469727,30.100000381469727,28.709999084472656,28.959999084472656,26.580894470214844,21645167
2022-07-05,29.040000915527344,29.190000534057617,28.0,28.6200008392334,26.268831253051758,15055181
2022-07-06,29.079999923706055,30.049999237060547,29.0,29.399999618530273,26.984750747680664,20502506
2022-07-07,29.079999923706055,29.59000015258789,28.729999542236328,29.229999542236328,26.828716278076172,9579376
2022-07-08,29.229999542236328,30.170000076293945,29.09000015258789,29.489999771118164,27.06735610961914,14857840
2022-07-11,29.459999084472656,29.489999771118164,28.649999618530273,28.920000076293945,26.5441837310791,12022703
2022-07-12,28.690000534057617,29.040000915527344,28.31999969482422,28.450000762939453,26.112796783447266,8314265
2022-07-13,28.389999389648438,28.700000762939453,28.010000228881836,28.100000381469727,25.791549682617188,10121382
2022-07-14,28.100000381469727,30.3700008392334,28.100000381469727,29.56999969482422,27.140785217285156,27258823
2022-07-15,30.360000610351562,30.389999389648438,29.139999389648438,29.799999237060547,27.35188865661621,23040175
2022-07-18,30.1200008392334,30.469999313354492,29.479999542236328,30.18000030517578,27.700674057006836,15148101
2022-07-19,30.31999969482422,30.6200008392334,29.780000686645508,30.350000381469727,27.856708526611328,14331111
2022-07-20,30.6200008392334,31.25,30.309999465942383,30.5,27.994382858276367,17141490
2022-07-21,30.329999923706055,31.59000015258789,29.90999984741211,31.0,28.45330810546875,19706562
2022-07-22,31.0,31.239999771118164,29.709999084472656,29.969999313354492,27.507925033569336,18132514
2022-07-25,29.90999984741211,30.190000534057617,29.299999237060547,29.510000228881836,27.085716247558594,8919401
2022-07-26,29.510000228881836,29.809999465942383,29.200000762939453,29.68000030517578,27.241750717163086,6800140
2022-07-27,29.600000381469727,29.850000381469727,29.06999969482422,29.190000534057617,26.792003631591797,10154653
2022-07-28,29.579999923706055,31.59000015258789,29.389999389648438,31.049999237060547,28.499202728271484,29193617
2022-07-29,30.899999618530273,31.200000762939453,30.329999923706055,30.700000762939453,28.177955627441406,13618494
2022-08-01,31.600000381469727,33.77000045776367,31.100000381469727,33.77000045776367,30.995750427246094,31841947
2022-08-02,34.0,35.04999923706055,33.130001068115234,34.47999954223633,31.647424697875977,55544341
2022-08-03,33.95000076293945,34.400001525878906,33.060001373291016,33.47999954223633,30.72957420349121,28721098
2022-08-04,33.650001525878906,33.849998474121094,32.61000061035156,32.939998626708984,30.233936309814453,18398967
2022-08-05,33.150001525878906,33.810001373291016,32.45000076293945,33.470001220703125,30.720396041870117,21170824
2022-08-08,33.45000076293945,34.0,32.29999923706055,32.869998931884766,30.16968536376953,18713392
2022-08-09,32.72999954223633,32.88999938964844,32.11000061035156,32.88999938964844,30.18804168701172,16989197
2022-08-10,32.65999984741211,32.689998626708984,31.0,31.1299991607666,28.572628021240234,36058506
2022-08-11,31.260000228881836,33.0,31.18000030517578,33.0,30.289005279541016,39187822
2022-08-12,33.20000076293945,33.68000030517578,32.119998931884766,32.79999923706055,30.10543441772461,30573837
2022-08-15,32.5,32.9900016784668,32.34000015258789,32.54999923706055,29.875972747802734,18955256
2022-08-16,32.58000183105469,32.70000076293945,31.93000030517578,32.119998931884766,29.481298446655273,16523197
2022-08-17,32.08000183105469,34.459999084472656,31.81999969482422,33.81999969482422,31.041643142700195,31236410
2022-08-18,33.68000030517578,34.27000045776367,33.36000061035156,33.869998931884766,31.08753776550293,23945496
2022-08-19,33.900001525878906,34.11000061035156,33.27000045776367,33.31999969482422,30.582717895507812,15508222
2022-08-22,33.209999084472656,34.880001068115234,32.47999954223633,33.650001525878906,30.88560676574707,22877498
2022-08-23,33.45000076293945,33.66999816894531,32.70000076293945,33.08000183105469,30.362436294555664,17808540
2022-08-24,33.06999969482422,33.20000076293945,31.170000076293945,31.3799991607666,28.80208969116211,20537001
2022-08-25,31.3799991607666,31.649999618530273,30.709999084472656,31.600000381469727,29.004018783569336,13243344
2022-08-26,31.90999984741211,32.27000045776367,30.860000610351562,30.889999389648438,28.352346420288086,15294682
2022-08-29,29.899999618530273,30.479999542236328,29.579999923706055,30.079999923706055,27.608888626098633,12953040
2022-08-30,30.1200008392334,30.530000686645508,29.40999984741211,29.690000534057617,27.25092887878418,14923981
2022-08-31,29.600000381469727,30.100000381469727,29.1299991607666,29.65999984741211,27.223392486572266,13427641
2022-09-01,29.450000762939453,29.899999618530273,28.8799991607666,28.989999771118164,26.60843276977539,11645951
2022-09-02,29.010000228881836,29.649999618530273,28.90999984741211,29.3799991607666,26.966394424438477,9185049
2022-09-05,29.299999237060547,29.479999542236328,28.739999771118164,29.06999969482422,26.681861877441406,7212131
2022-09-06,29.190000534057617,29.59000015258789,28.600000381469727,29.0,26.617610931396484,13985360
2022-09-07,28.75,29.200000762939453,28.600000381469727,28.799999237060547,26.43404197692871,11740017
2022-09-08,28.899999618530273,29.020000457763672,28.149999618530273,28.170000076293945,25.855796813964844,12840533
2022-09-09,28.110000610351562,28.420000076293945,27.799999237060547,28.280000686645508,25.956762313842773,9076837
2022-09-13,29.0,29.290000915527344,28.270000457763672,28.43000030517578,26.094436645507812,11492722
2022-09-14,27.5,28.15999984741211,27.329999923706055,28.059999465942383,25.75483512878418,7554458
2022-09-15,28.200000762939453,28.270000457763672,27.299999237060547,27.649999618530273,25.378515243530273,9757734
2022-09-16,27.690000534057617,27.8700008392334,26.8799991607666,26.899999618530273,24.69013023376465,8894092
2022-09-19,26.899999618530273,27.079999923706055,26.610000610351562,26.81999969482422,24.616703033447266,6715185
2022-09-20,26.989999771118164,27.420000076293945,26.829999923706055,27.260000228881836,25.02055549621582,8267277
2022-09-21,27.25,27.34000015258789,26.889999389648438,27.170000076293945,24.93794822692871,6341597
2022-09-22,26.969999313354492,27.1299991607666,26.399999618530273,26.510000228881836,24.33216667175293,8562868
2022-09-23,26.479999542236328,26.850000381469727,26.010000228881836,26.5,24.32299041748047,8225578
2022-09-26,26.309999465942383,26.559999465942383,25.899999618530273,25.979999542236328,23.8457088470459,6407824
2022-09-27,25.989999771118164,26.850000381469727,25.989999771118164,26.790000915527344,24.58916664123535,7548642
2022-09-28,26.610000610351562,26.719999313354492,25.8799991607666,26.079999923706055,23.9374942779541,8983278
2022-09-29,26.420000076293945,26.719999313354492,25.889999389648438,26.040000915527344,23.900779724121094,9057611
2022-09-30,25.989999771118164,26.280000686645508,25.610000610351562,25.90999984741211,23.78145980834961,6286347
2022-10-10,26.110000610351562,26.219999313354492,25.25,25.6299991607666,23.524459838867188,8412866
2022-10-11,25.809999465942383,25.860000610351562,25.350000381469727,25.579999923706055,23.47856903076172,5052211
2022-10-12,25.579999923706055,26.459999084472656,25.40999984741211,26.450000762939453,24.277099609375,7871499
2022-10-13,26.459999084472656,26.829999923706055,26.170000076293945,26.510000228881836,24.33216667175293,6303065
2022-10-14,26.639999389648438,27.350000381469727,26.639999389648438,27.200000762939453,24.965482711791992,8763867
2022-10-17,27.100000381469727,27.389999389648438,26.899999618530273,27.309999465942383,25.06644630432129,7069347
2022-10-18,27.450000762939453,27.639999389648438,26.979999542236328,27.239999771118164,25.002197265625,7414072
2022-10-19,27.3799991607666,27.3799991607666,26.770000457763672,26.770000457763672,24.570810317993164,5736767
2022-10-20,26.709999084472656,27.399999618530273,26.31999969482422,26.8700008392334,24.662593841552734,9223640
2022-10-21,26.790000915527344,27.100000381469727,26.360000610351562,26.510000228881836,24.33216667175293,6405474
2022-10-24,26.68000030517578,27.239999771118164,25.8799991607666,26.030000686645508,23.8916015625,9881707
2022-10-25,26.110000610351562,26.950000762939453,25.889999389648438,26.610000610351562,24.423954010009766,9269456
2022-10-26,26.920000076293945,27.860000610351562,26.75,27.84000015258789,25.552907943725586,13515698
2022-10-27,30.0,30.0,28.5,28.959999084472656,26.580894470214844,29008588
2022-10-28,28.979999542236328,29.459999084472656,28.25,28.399999618530273,26.06690216064453,18177182
2022-10-31,28.360000610351562,30.0,28.299999237060547,29.75,27.305999755859375,20762563
2022-11-01,29.75,30.799999237060547,29.579999923706055,30.65999984741211,28.14124298095703,16677572
2022-11-02,30.780000686645508,31.270000457763672,30.270000457763672,30.290000915527344,27.801637649536133,14077713
2022-11-03,30.139999389648438,30.610000610351562,30.010000228881836,30.479999542236328,27.976028442382812,9447365
2022-11-04,30.600000381469727,30.860000610351562,30.389999389648438,30.68000030517578,28.159597396850586,10351097
2022-11-07,30.68000030517578,31.280000686645508,30.530000686645508,31.059999465942383,28.508380889892578,11400419
2022-11-08,31.200000762939453,31.350000381469727,30.299999237060547,30.520000457763672,28.012744903564453,8496163
2022-11-09,30.40999984741211,30.559999465942383,29.809999465942383,30.219999313354492,27.737388610839844,9748780
2022-11-10,30.290000915527344,30.350000381469727,29.6200008392334,29.739999771118164,27.29682159423828,9416964
2022-11-11,30.299999237060547,30.389999389648438,29.75,30.0,27.53546142578125,9365327
2022-11-14,30.0,30.350000381469727,29.68000030517578,29.889999389648438,27.434497833251953,8873675
2022-11-15,30.0,31.170000076293945,29.709999084472656,31.079999923706055,28.526737213134766,12018008
2022-11-16,30.899999618530273,31.079999923706055,30.200000762939453,30.6299991607666,28.113704681396484,10072783
2022-11-17,30.329999923706055,30.979999542236328,30.260000228881836,30.90999984741211,28.37070083618164,5708660
2022-11-18,30.799999237060547,31.079999923706055,30.309999465942383,30.420000076293945,27.920955657958984,4883969
2022-11-21,30.420000076293945,30.729999542236328,30.040000915527344,30.700000762939453,28.177955627441406,5336210
2022-11-22,30.5,30.75,30.020000457763672,30.209999084472656,27.728208541870117,4022063
2022-11-23,30.020000457763672,30.209999084472656,29.459999084472656,30.020000457763672,27.553817749023438,5334873
2022-11-24,30.049999237060547,30.360000610351562,29.739999771118164,30.0,27.53546142578125,4005299
2022-11-25,30.0,30.440000534057617,29.709999084472656,29.739999771118164,27.29682159423828,3441069
2022-11-28,29.280000686645508,29.56999969482422,28.600000381469727,29.549999237060547,27.122426986694336,4832383
2022-11-29,29.40999984741211,29.989999771118164,29.399999618530273,29.81999969482422,27.370248794555664,4482773
2022-11-30,29.760000228881836,29.770000457763672,28.75,29.0,26.617610931396484,8632959
2022-12-01,29.25,29.950000762939453,29.209999084472656,29.450000762939453,27.0306453704834,7909573
2022-12-02,29.229999542236328,29.579999923706055,28.479999542236328,28.68000030517578,26.323902130126953,9780382
2022-12-05,28.5,29.100000381469727,28.489999771118164,28.690000534057617,26.333080291748047,9091895
2022-12-06,28.690000534057617,29.049999237060547,28.399999618530273,28.860000610351562,26.489112854003906,9832278
2022-12-07,28.700000762939453,29.350000381469727,28.510000228881836,29.040000915527344,26.654325485229492,8040098
2022-12-08,28.75,28.799999237060547,28.219999313354492,28.3700008392334,26.03936767578125,7517927
2022-12-09,28.540000915527344,28.600000381469727,27.969999313354492,28.350000381469727,26.02100944519043,6300927
2022-12-12,28.06999969482422,29.3700008392334,28.06999969482422,29.040000915527344,26.654325485229492,11143545
2022-12-13,29.040000915527344,29.280000686645508,28.110000610351562,28.149999618530273,25.837440490722656,7772310
2022-12-14,28.450000762939453,28.6299991607666,28.149999618530273,28.18000030517578,25.86497688293457,5608698
2022-12-15,28.100000381469727,28.799999237060547,27.979999542236328,28.3799991607666,26.04854393005371,5560610
2022-12-16,28.389999389648438,28.579999923706055,27.899999618530273,28.219999313354492,25.901689529418945,5184661
2022-12-19,28.0,28.290000915527344,27.90999984741211,27.940000534057617,25.644691467285156,4399867
2022-12-20,27.959999084472656,28.280000686645508,27.450000762939453,27.780000686645508,25.49783706665039,4711065
2022-12-21,27.75,27.8700008392334,27.239999771118164,27.350000381469727,25.103160858154297,3412331
2022-12-22,27.350000381469727,27.75,27.149999618530273,27.280000686645508,25.038911819458008,4128019
2022-12-23,27.010000228881836,27.510000228881836,26.969999313354492,27.360000610351562,25.112342834472656,2782200
2022-12-26,27.360000610351562,27.780000686645508,27.200000762939453,27.65999984741211,25.3876953125,3936474
2022-12-27,27.670000076293945,27.84000015258789,27.420000076293945,27.530000686645508,25.268375396728516,2952196
2022-12-28,27.600000381469727,27.600000381469727,27.170000076293945,27.559999465942383,25.295909881591797,4273847
2022-12-29,27.399999618530273,27.690000534057617,27.260000228881836,27.399999618530273,25.1490535736084,4844795
2022-12-30,27.549999237060547,27.729999542236328,27.360000610351562,27.440000534057617,25.18577003479004,5391407
2023-01-03,27.440000534057617,28.049999237060547,27.0,27.959999084472656,25.663047790527344,9548662
2023-01-04,27.899999618530273,28.079999923706055,26.100000381469727,26.399999618530273,24.231203079223633,17771506
2023-01-05,26.299999237060547,27.100000381469727,26.260000228881836,26.979999542236328,24.76355743408203,10170963
2023-01-06,27.149999618530273,27.200000762939453,26.559999465942383,26.959999084472656,24.74519920349121,6988160
2023-01-09,27.1299991607666,27.700000762939453,26.799999237060547,27.350000381469727,25.103160858154297,8433524
2023-01-10,27.389999389648438,27.75,27.299999237060547,27.65999984741211,25.3876953125,5642658
2023-01-11,27.530000686645508,28.0,27.520000457763672,27.600000381469727,25.332624435424805,5497770
2023-01-12,27.610000610351562,27.790000915527344,27.309999465942383,27.6200008392334,25.350982666015625,4306080
2023-01-13,27.75,27.989999771118164,27.579999923706055,27.8799991607666,25.58962059020996,5034036
2023-01-16,27.8799991607666,28.25,27.799999237060547,28.139999389648438,25.828262329101562,7445746
2023-01-17,28.200000762939453,28.670000076293945,28.100000381469727,28.549999237060547,26.204578399658203,8463218
2023-01-18,28.5,28.959999084472656,28.43000030517578,28.920000076293945,26.5441837310791,6646366
2023-01-19,28.899999618530273,29.790000915527344,28.799999237060547,29.579999923706055,27.149961471557617,8345434
2023-01-20,29.75,29.81999969482422,29.1200008392334,29.420000076293945,27.003108978271484,8382103
2023-01-30,29.5,29.959999084472656,29.239999771118164,29.40999984741211,26.993928909301758,8659763
2023-01-31,29.280000686645508,29.559999465942383,28.809999465942383,28.829999923706055,26.461578369140625,7299913
2023-02-01,28.8799991607666,29.329999923706055,28.8700008392334,29.229999542236328,26.828716278076172,9059585
2023-02-02,29.350000381469727,29.670000076293945,29.1299991607666,29.219999313354492,26.819538116455078,7406320
2023-02-03,29.209999084472656,29.309999465942383,28.649999618530273,29.190000534057617,26.792003631591797,7948144
2023-02-06,29.010000228881836,29.299999237060547,28.649999618530273,28.850000381469727,26.479934692382812,5897180
2023-02-07,29.280000686645508,29.489999771118164,28.780000686645508,29.06999969482422,26.681861877441406,6238182
2023-02-08,29.06999969482422,29.479999542236328,28.690000534057617,28.709999084472656,26.3514347076416,5317053
2023-02-09,28.690000534057617,29.950000762939453,28.579999923706055,29.84000015258789,27.38860511779785,12247461
2023-02-10,29.75,30.600000381469727,29.700000762939453,29.940000534057617,27.480388641357422,11779041
2023-02-13,29.989999771118164,30.15999984741211,29.59000015258789,29.920000076293945,27.462032318115234,6993170
2023-02-14,30.010000228881836,30.399999618530273,29.75,29.899999618530273,27.443675994873047,6849857
2023-02-15,29.799999237060547,30.489999771118164,29.600000381469727,30.299999237060547,27.810815811157227,7552681
2023-02-16,30.219999313354492,30.399999618530273,29.31999969482422,29.540000915527344,27.113250732421875,9373715
2023-02-17,29.5,29.790000915527344,28.850000381469727,28.8700008392334,26.498291015625,6152035
2023-02-20,28.770000457763672,29.450000762939453,28.709999084472656,29.3799991607666,26.966394424438477,7738558
2023-02-21,29.3799991607666,29.649999618530273,29.010000228881836,29.239999771118164,26.8378963470459,6062553
2023-02-22,29.010000228881836,29.290000915527344,28.81999969482422,28.989999771118164,26.60843276977539,4653616
2023-02-23,29.0,29.190000534057617,28.670000076293945,28.84000015258789,26.47075653076172,4413695
2023-02-24,28.8700008392334,29.1200008392334,28.5,28.610000610351562,26.25965118408203,4874959
2023-02-27,28.450000762939453,28.56999969482422,28.059999465942383,28.18000030517578,25.86497688293457,6542541
2023-02-28,28.270000457763672,28.899999618530273,28.270000457763672,28.440000534057617,26.10361671447754,7918052
2023-03-01,28.5,29.190000534057617,28.489999771118164,28.850000381469727,26.479934692382812,7040881
2023-03-02,28.84000015258789,29.420000076293945,28.719999313354492,29.100000381469727,26.709396362304688,5911721
2023-03-03,29.280000686645508,29.559999465942383,29.030000686645508,29.219999313354492,26.819538116455078,4814429
2023-03-06,29.219999313354492,29.450000762939453,28.920000076293945,29.25,26.847074508666992,5853854
2023-03-07,29.290000915527344,29.450000762939453,28.3700008392334,28.43000030517578,26.094436645507812,7289406
2023-03-08,28.440000534057617,28.799999237060547,28.399999618530273,28.780000686645508,26.415685653686523,5142152
2023-03-09,28.860000610351562,29.989999771118164,28.709999084472656,29.690000534057617,27.25092887878418,13006867
2023-03-10,29.600000381469727,29.899999618530273,29.219999313354492,29.309999465942383,26.902145385742188,7596900
2023-03-13,29.110000610351562,29.34000015258789,28.6200008392334,29.040000915527344,26.654325485229492,7990100
2023-03-14,29.15999984741211,29.190000534057617,27.479999542236328,28.360000610351562,26.03019142150879,16144014
2023-03-15,28.549999237060547,28.780000686645508,27.8799991607666,27.899999618530273,25.60797691345215,10524851
2023-03-16,27.719999313354492,28.299999237060547,27.389999389648438,27.440000534057617,25.18577003479004,10178343
2023-03-17,27.690000534057617,28.09000015258789,27.690000534057617,27.90999984741211,25.617156982421875,7347348
2023-03-20,28.020000457763672,28.389999389648438,27.860000610351562,28.1200008392334,25.809904098510742,7897694
2023-03-21,28.09000015258789,28.670000076293945,27.920000076293945,28.600000381469727,26.250473022460938,7759937
2023-03-22,28.780000686645508,31.459999084472656,28.600000381469727,31.459999084472656,28.875518798828125,36915931
2023-03-23,32.5,34.369998931884766,32.31999969482422,33.150001525878906,30.42668342590332,94795244
2023-03-24,34.18000030517578,34.5,33.0,33.36000061035156,30.619428634643555,59251938
2023-03-27,33.619998931884766,34.65999984741211,32.68000030517578,33.310001373291016,30.57353973388672,48785363
2023-03-28,33.099998474121094,33.29999923706055,30.8700008392334,31.049999237060547,28.499202728271484,38778743
2023-03-29,31.1299991607666,31.6299991607666,30.489999771118164,31.0,28.45330810546875,36458754
2023-03-30,31.059999465942383,31.579999923706055,30.110000610351562,30.860000610351562,28.324810028076172,23354909
2023-03-31,30.959999084472656,31.290000915527344,30.260000228881836,31.020000457763672,28.47166633605957,22237399
2023-04-03,31.040000915527344,31.31999969482422,30.079999923706055,30.34000015258789,27.8475284576416,44105307
2023-04-04,30.459999084472656,31.229999542236328,30.329999923706055,30.90999984741211,28.37070083618164,42881028
2023-04-06,30.5,33.25,30.3799991607666,31.989999771118164,29.361980438232422,59331248
2023-04-07,32.18000030517578,32.599998474121094,31.489999771118164,31.780000686645508,29.169231414794922,35631218
2023-04-10,31.299999237060547,31.770000457763672,30.56999969482422,30.690000534057617,28.16877555847168,29252908
2023-04-11,30.760000228881836,31.200000762939453,30.31999969482422,30.600000381469727,28.086170196533203,23855196
2023-04-12,30.600000381469727,31.09000015258789,30.31999969482422,30.639999389648438,28.122882843017578,30107160
2023-04-13,30.5,30.5,28.860000610351562,28.940000534057617,26.562541961669922,40220880
2023-04-14,28.940000534057617,29.229999542236328,28.399999618530273,29.190000534057617,26.792003631591797,24116262
2023-04-17,28.959999084472656,29.030000686645508,28.5,28.780000686645508,26.415685653686523,21733874
2023-04-18,28.719999313354492,28.979999542236328,28.34000015258789,28.709999084472656,26.3514347076416,18843498
2023-04-19,28.610000610351562,29.450000762939453,28.450000762939453,29.0,26.617610931396484,28775652
2023-04-20,28.809999465942383,31.899999618530273,28.809999465942383,31.899999618530273,29.279373168945312,65002716
2023-04-21,32.91999816894531,33.5,30.280000686645508,30.299999237060547,27.810815811157227,77139145
2023-04-24,30.68000030517578,30.979999542236328,29.0,29.280000686645508,26.874610900878906,42607619
2023-04-25,29.329999923706055,29.5,27.010000228881836,27.329999923706055,25.08480453491211,43465698
2023-04-26,27.200000762939453,27.649999618530273,26.350000381469727,26.5,24.32299041748047,31640435
2023-04-27,26.3700008392334,26.709999084472656,25.479999542236328,25.690000534057617,23.579532623291016,30482185
2023-04-28,25.600000381469727,26.290000915527344,25.56999969482422,26.110000610351562,23.965028762817383,20900868
2023-05-04,25.729999542236328,25.729999542236328,24.149999618530273,24.290000915527344,22.29454803466797,43059608
2023-05-05,24.360000610351562,24.600000381469727,23.68000030517578,23.739999771118164,21.78972625732422,21454492
2023-05-08,23.75,23.920000076293945,23.489999771118164,23.579999923706055,21.64286994934082,17215837
2023-05-09,23.079999923706055,24.010000228881836,23.010000228881836,23.290000915527344,21.376697540283203,23698230
2023-05-10,23.190000534057617,23.459999084472656,23.06999969482422,23.299999237060547,21.385873794555664,12761395
2023-05-11,23.389999389648438,23.479999542236328,23.040000915527344,23.06999969482422,21.17477035522461,15978912
2023-05-12,23.09000015258789,23.190000534057617,22.520000457763672,22.540000915527344,20.688310623168945,17215489
2023-05-15,22.540000915527344,22.969999313354492,22.399999618530273,22.940000534057617,21.055448532104492,16711830
2023-05-16,22.989999771118164,23.299999237060547,22.68000030517578,22.989999771118164,21.101341247558594,17485136
2023-05-17,22.8799991607666,23.399999618530273,22.809999465942383,23.399999618530273,21.477659225463867,13913198
2023-05-18,23.440000534057617,24.110000610351562,23.34000015258789,23.8700008392334,21.909048080444336,21919299
2023-05-19,23.739999771118164,24.34000015258789,23.59000015258789,23.90999984741211,21.945762634277344,18867241
2023-05-22,23.959999084472656,24.1200008392334,23.549999237060547,23.790000915527344,21.835620880126953,11662337
2023-05-23,23.75,23.889999389648438,23.479999542236328,23.549999237060547,21.615337371826172,9764321
2023-05-24,23.5,24.200000762939453,23.34000015258789,23.84000015258789,21.881513595581055,17308589
2023-05-25,24.079999923706055,24.489999771118164,23.65999984741211,24.049999237060547,22.07425880432129,17625071
2023-05-26,24.030000686645508,24.5,23.899999618530273,24.43000030517578,22.423044204711914,16127668
2023-05-29,24.68000030517578,24.959999084472656,24.399999618530273,24.760000228881836,22.725934982299805,18999808
2023-05-30,24.5,24.93000030517578,24.309999465942383,24.899999618530273,22.85443115234375,16321996
2023-05-31,24.920000076293945,25.799999237060547,24.799999237060547,25.420000076293945,23.33171272277832,23256514
2023-06-01,25.200000762939453,26.100000381469727,25.030000686645508,25.56999969482422,23.469390869140625,20644493
2023-06-02,25.559999465942383,25.959999084472656,25.299999237060547,25.5,23.405141830444336,15822036
2023-06-05,25.350000381469727,25.65999984741211,25.239999771118164,25.520000457763672,23.423498153686523,10686064
2023-06-06,25.549999237060547,25.600000381469727,24.610000610351562,24.709999084472656,22.680038452148438,18146070
2023-06-07,24.799999237060547,24.93000030517578,24.549999237060547,24.81999969482422,22.781003952026367,10378394
2023-06-08,24.65999984741211,24.760000228881836,24.260000228881836,24.579999923706055,22.560720443725586,8250574
2023-06-09,24.510000228881836,25.1299991607666,24.350000381469727,25.09000015258789,23.028825759887695,12969024
2023-06-12,25.049999237060547,25.540000915527344,24.860000610351562,25.350000381469727,23.267465591430664,14999134
2023-06-13,24.780000686645508,25.010000228881836,24.299999237060547,24.8700008392334,23.47512435913086,13337254
2023-06-14,24.75,25.06999969482422,24.440000534057617,24.809999465942383,23.418489456176758,11622838
2023-06-15,24.770000457763672,24.959999084472656,24.549999237060547,24.790000915527344,23.399612426757812,9512643
2023-06-16,24.799999237060547,25.110000610351562,24.420000076293945,24.979999542236328,23.578954696655273,10988450
2023-06-19,24.940000534057617,25.25,24.780000686645508,25.170000076293945,23.758298873901367,10478448
2023-06-20,25.0,25.469999313354492,24.84000015258789,25.190000534057617,23.777177810668945,13118986
2023-06-21,25.049999237060547,25.1200008392334,24.280000686645508,24.290000915527344,22.927656173706055,15076027
2023-06-26,24.350000381469727,24.479999542236328,23.43000030517578,23.520000457763672,22.200841903686523,16177475
2023-06-27,23.68000030517578,23.920000076293945,23.459999084472656,23.729999542236328,22.399063110351562,8702728
2023-06-28,23.739999771118164,23.790000915527344,22.989999771118164,23.549999237060547,22.22916030883789,13165175
2023-06-29,23.440000534057617,23.81999969482422,23.399999618530273,23.719999313354492,22.389625549316406,9854188
2023-06-30,23.690000534057617,24.399999618530273,23.600000381469727,24.290000915527344,22.927656173706055,11274589
2023-07-03,24.420000076293945,25.079999923706055,24.40999984741211,24.65999984741211,23.276901245117188,16340856
2023-07-04,24.65999984741211,25.600000381469727,24.520000457763672,25.3799991607666,23.956520080566406,22810397
2023-07-05,25.350000381469727,25.440000534057617,24.739999771118164,24.850000381469727,23.456247329711914,13237649
2023-07-06,24.760000228881836,25.469999313354492,24.700000762939453,25.010000228881836,23.60727310180664,11326721
2023-07-07,25.0,25.0,24.559999465942383,24.719999313354492,23.333538055419922,9508255
2023-07-10,24.5,24.709999084472656,24.049999237060547,24.239999771118164,22.880460739135742,9989101
2023-07-11,24.25,24.84000015258789,24.239999771118164,24.75,23.361854553222656,9745057
2023-07-12,24.700000762939453,24.8700008392334,24.09000015258789,24.1299991607666,22.776628494262695,9518810
2023-07-13,24.260000228881836,24.799999237060547,24.1299991607666,24.690000534057617,23.305221557617188,14471251
2023-07-14,24.690000534057617,25.06999969482422,24.649999618530273,24.809999465942383,23.418489456176758,8766753
2023-07-17,24.760000228881836,24.760000228881836,24.489999771118164,24.6200008392334,23.239147186279297,7071472
2023-07-18,24.700000762939453,25.6299991607666,24.600000381469727,24.75,23.361854553222656,18212728
2023-07-19,24.5,24.940000534057617,24.440000534057617,24.610000610351562,23.229707717895508,8045163
2023-07-20,24.6299991607666,24.719999313354492,23.8799991607666,23.93000030517578,22.587846755981445,11674778
2023-07-21,23.809999465942383,24.219999313354492,23.700000762939453,23.81999969482422,22.4840145111084,5925866
2023-07-24,23.81999969482422,24.3799991607666,23.770000457763672,23.959999084472656,22.61616325378418,6473200
2023-07-25,24.100000381469727,25.200000762939453,24.0,25.079999923706055,23.67334747314453,17525059
2023-07-26,25.100000381469727,25.18000030517578,24.299999237060547,24.510000228881836,23.135316848754883,10402316
2023-07-27,24.5,24.579999923706055,23.959999084472656,24.079999923706055,22.72943115234375,9745025
2023-07-28,23.940000534057617,24.43000030517578,23.889999389648438,24.360000610351562,22.993728637695312,6967260
2023-07-31,24.489999771118164,24.719999313354492,24.309999465942383,24.510000228881836,23.135316848754883,8396288
2023-08-01,24.489999771118164,24.899999618530273,24.34000015258789,24.739999771118164,23.352415084838867,12013408
2023-08-02,24.739999771118164,25.309999465942383,24.610000610351562,25.260000228881836,23.843250274658203,19105847
2023-08-03,25.020000457763672,25.360000610351562,24.90999984741211,25.239999771118164,23.824373245239258,9730809
2023-08-04,25.219999313354492,25.579999923706055,24.940000534057617,25.329999923706055,23.909324645996094,11826793
2023-08-07,25.270000457763672,25.290000915527344,24.959999084472656,25.09000015258789,23.682785034179688,6517214
2023-08-08,25.0,25.229999542236328,24.889999389648438,24.959999084472656,23.560075759887695,6019695
2023-08-09,24.899999618530273,24.93000030517578,24.600000381469727,24.719999313354492,23.333538055419922,6747752
2023-08-10,24.31999969482422,24.389999389648438,22.760000228881836,23.469999313354492,22.153644561767578,31856428
2023-08-11,23.729999542236328,23.729999542236328,22.969999313354492,23.0,21.710006713867188,12532949
2023-08-14,23.0,23.0,22.34000015258789,22.649999618530273,21.379636764526367,11392737
2023-08-15,22.739999771118164,22.790000915527344,22.020000457763672,22.1200008392334,20.879362106323242,14006730
2023-08-16,22.100000381469727,22.170000076293945,21.75,21.770000457763672,20.548994064331055,10274690
2023-08-17,21.68000030517578,22.0,21.34000015258789,21.709999084472656,20.49235725402832,12376409
2023-08-18,21.739999771118164,21.860000610351562,21.3799991607666,21.3799991607666,20.180866241455078,8522187
2023-08-21,21.360000610351562,21.399999618530273,20.8799991607666,20.8799991607666,19.708911895751953,11048405
2023-08-22,21.020000457763672,21.299999237060547,20.600000381469727,21.15999984741211,19.97320556640625,11295144
2023-08-23,21.100000381469727,21.100000381469727,20.5,20.540000915527344,19.387981414794922,7793571
2023-08-24,20.700000762939453,20.850000381469727,20.5,20.549999237060547,19.397417068481445,8626308
2023-08-25,20.450000762939453,20.479999542236328,20.0,20.149999618530273,19.019853591918945,12786066
2023-08-28,21.15999984741211,21.25,20.280000686645508,20.40999984741211,19.265270233154297,14804324
2023-08-29,20.40999984741211,21.149999618530273,20.3700008392334,21.0,19.822179794311523,14091189
2023-08-30,21.200000762939453,21.690000534057617,21.1200008392334,21.399999618530273,20.199745178222656,12263867
2023-08-31,21.3799991607666,21.579999923706055,21.200000762939453,21.389999389648438,20.190305709838867,9821709
2023-09-01,21.40999984741211,21.549999237060547,21.260000228881836,21.399999618530273,20.199745178222656,5998000
2023-09-04,21.459999084472656,21.549999237060547,21.329999923706055,21.489999771118164,20.284698486328125,10098769
2023-09-05,21.489999771118164,21.709999084472656,21.329999923706055,21.440000534057617,20.237503051757812,9483141
2023-09-06,21.309999465942383,21.75,21.239999771118164,21.700000762939453,20.482921600341797,10756472
2023-09-07,21.709999084472656,21.719999313354492,21.1200008392334,21.149999618530273,19.963768005371094,10435263
2023-09-08,21.079999923706055,21.270000457763672,20.729999542236328,20.899999618530273,19.727787017822266,10794494
2023-09-11,20.969999313354492,21.450000762939453,20.809999465942383,21.260000228881836,20.067598342895508,10778727
2023-09-12,21.299999237060547,21.549999237060547,21.149999618530273,21.3700008392334,20.17142677307129,7191347
2023-09-13,21.34000015258789,21.360000610351562,20.75,20.8700008392334,19.699472427368164,8980400
2023-09-14,20.969999313354492,21.049999237060547,20.520000457763672,20.649999618530273,19.491809844970703,7469269
2023-09-15,20.790000915527344,20.93000030517578,20.479999542236328,20.549999237060547,19.397417068481445,8044484
2023-09-18,20.549999237060547,20.959999084472656,20.399999618530273,20.709999084472656,19.548446655273438,6941803
2023-09-19,20.899999618530273,20.950000762939453,20.06999969482422,20.3799991607666,19.23695182800293,11494984
2023-09-20,20.25,20.59000015258789,20.1200008392334,20.18000030517578,19.048171997070312,10296172
2023-09-21,20.079999923706055,20.18000030517578,19.950000762939453,19.950000762939453,18.831071853637695,8308458
2023-09-22,19.93000030517578,20.68000030517578,19.90999984741211,20.68000030517578,19.520126342773438,11522159
2023-09-25,20.719999313354492,20.719999313354492,20.190000534057617,20.239999771118164,19.10480499267578,9752495
2023-09-26,20.719999313354492,20.84000015258789,19.760000228881836,19.809999465942383,18.698923110961914,18169004
2023-09-27,19.700000762939453,20.280000686645508,19.68000030517578,20.020000457763672,18.897146224975586,12112141
2023-09-28,20.100000381469727,20.479999542236328,20.049999237060547,20.360000610351562,19.218076705932617,10366995
2023-10-09,20.360000610351562,20.979999542236328,20.170000076293945,20.75,19.58620262145996,14275819
2023-10-10,20.809999465942383,21.1200008392334,20.559999465942383,20.760000228881836,19.595640182495117,7981969
2023-10-11,20.899999618530273,21.6299991607666,20.780000686645508,21.350000381469727,20.152549743652344,19018078
2023-10-12,21.3799991607666,21.81999969482422,21.31999969482422,21.3799991607666,20.180866241455078,15486314
2023-10-13,21.350000381469727,21.799999237060547,21.18000030517578,21.479999542236328,20.275257110595703,8932142
2023-10-16,21.600000381469727,21.600000381469727,20.850000381469727,20.920000076293945,19.746665954589844,9840223
2023-10-17,20.969999313354492,21.059999465942383,20.399999618530273,20.670000076293945,19.510690689086914,9174936
2023-10-18,20.56999969482422,20.6200008392334,20.1200008392334,20.200000762939453,19.067049026489258,6835437
2023-10-19,20.15999984741211,20.639999389648438,20.079999923706055,20.09000015258789,18.963220596313477,9933692
2023-10-20,20.059999465942383,20.139999389648438,19.34000015258789,19.360000610351562,18.2741641998291,12214313
2023-10-23,18.709999084472656,18.969999313354492,17.899999618530273,18.739999771118164,17.688936233520508,14762809
2023-10-24,18.889999389648438,19.450000762939453,18.65999984741211,19.329999923706055,18.245845794677734,11990539
2023-10-25,19.450000762939453,19.68000030517578,19.25,19.43000030517578,18.34023666381836,6204150
2023-10-26,19.25,19.3700008392334,18.93000030517578,19.18000030517578,18.104259490966797,5648860
2023-10-27,19.149999618530273,20.290000915527344,19.079999923706055,20.1299991607666,19.000974655151367,10546126
2023-10-30,20.1299991607666,21.229999542236328,20.030000686645508,21.0,19.822179794311523,17183262
2023-10-31,20.899999618530273,21.549999237060547,20.860000610351562,21.420000076293945,20.218624114990234,15760744
2023-11-01,21.360000610351562,21.540000915527344,21.0,21.059999465942383,19.878814697265625,12357942
2023-11-02,21.18000030517578,21.239999771118164,20.670000076293945,20.700000762939453,19.53900718688965,9104459
2023-11-03,20.770000457763672,21.190000534057617,20.690000534057617,21.030000686645508,19.85049819946289,8765800
2023-11-06,21.170000076293945,22.100000381469727,21.110000610351562,21.850000381469727,20.6245059967041,17979069
2023-11-07,21.8700008392334,22.100000381469727,21.579999923706055,21.780000686645508,20.55843162536621,10670654
2023-11-08,21.809999465942383,22.31999969482422,21.610000610351562,22.010000228881836,20.77553367614746,14319802
2023-11-09,21.920000076293945,22.239999771118164,21.700000762939453,21.860000610351562,20.63394546508789,7461983
2023-11-10,21.709999084472656,21.979999542236328,21.639999389648438,21.829999923706055,20.605628967285156,7131974
2023-11-13,21.940000534057617,22.1200008392334,21.799999237060547,21.989999771118164,20.75665283203125,9700669
2023-11-14,21.920000076293945,22.290000915527344,21.799999237060547,21.920000076293945,20.690580368041992,6251900
2023-11-15,22.190000534057617,22.200000762939453,21.780000686645508,21.829999923706055,20.605628967285156,7231800
2023-11-16,21.719999313354492,21.8799991607666,21.559999465942383,21.59000015258789,20.37908935546875,6588451
2023-11-17,21.5,21.979999542236328,21.450000762939453,21.979999542236328,20.747217178344727,7246392
2023-11-20,21.950000762939453,22.420000076293945,21.81999969482422,22.200000762939453,20.954875946044922,15183925
2023-11-21,22.100000381469727,22.649999618530273,21.850000381469727,21.920000076293945,20.690580368041992,12456206
2023-11-22,21.84000015258789,21.920000076293945,21.549999237060547,21.6299991607666,20.416845321655273,7059148
2023-11-23,21.579999923706055,22.170000076293945,21.549999237060547,22.059999465942383,20.82272720336914,8647088
2023-11-24,22.0,22.010000228881836,21.5,21.649999618530273,20.43572235107422,7999760
2023-11-27,21.510000228881836,21.559999465942383,21.200000762939453,21.389999389648438,20.190305709838867,10589476
2023-11-28,21.5,21.8799991607666,21.299999237060547,21.600000381469727,20.38852882385254,7070324
2023-11-29,21.6200008392334,21.8700008392334,21.579999923706055,21.739999771118164,20.52067756652832,5778696
2023-11-30,21.700000762939453,21.700000762939453,21.190000534057617,21.549999237060547,20.341331481933594,9045879
2023-12-01,21.489999771118164,21.6200008392334,21.209999084472656,21.540000915527344,20.331893920898438,6526890
2023-12-04,21.56999969482422,21.649999618530273,21.149999618530273,21.5,20.294137954711914,9388653
2023-12-05,21.399999618530273,21.399999618530273,20.860000610351562,20.8799991607666,19.708911895751953,6670200
2023-12-06,20.8799991607666,20.989999771118164,20.649999618530273,20.719999313354492,19.55788230895996,7248242
2023-12-07,20.979999542236328,21.149999618530273,20.670000076293945,20.84000015258789,19.67115592956543,7891114
2023-12-08,20.84000015258789,21.290000915527344,20.729999542236328,21.059999465942383,19.878814697265625,8951177
2023-12-11,20.920000076293945,21.670000076293945,20.68000030517578,21.639999389648438,20.42628288269043,10877690
2023-12-12,21.600000381469727,21.6299991607666,21.059999465942383,21.260000228881836,20.067598342895508,11165304
2023-12-13,21.260000228881836,21.290000915527344,20.979999542236328,21.149999618530273,19.963768005371094,7708033
2023-12-14,21.260000228881836,21.420000076293945,21.020000457763672,21.06999969482422,19.88825225830078,6283075
2023-12-15,21.09000015258789,21.389999389648438,20.979999542236328,21.020000457763672,19.8410587310791,5863237
2023-12-18,20.899999618530273,21.06999969482422,20.700000762939453,20.760000228881836,19.595640182495117,5538877
2023-12-19,20.690000534057617,20.979999542236328,20.450000762939453,20.899999618530273,19.727787017822266,6182725
2023-12-20,20.889999389648438,21.079999923706055,20.68000030517578,20.889999389648438,19.718347549438477,7645962
2023-12-21,20.709999084472656,21.170000076293945,20.690000534057617,21.09000015258789,19.90713119506836,6903904
2023-12-22,21.06999969482422,21.1299991607666,20.700000762939453,20.739999771118164,19.576763153076172,7144002
2023-12-25,20.700000762939453,21.149999618530273,20.649999618530273,21.100000381469727,19.91657257080078,6079302
2023-12-26,21.030000686645508,21.149999618530273,20.540000915527344,20.920000076293945,19.746665954589844,7082004
2023-12-27,20.920000076293945,20.969999313354492,20.56999969482422,20.670000076293945,19.510690689086914,6349327
2023-12-28,20.600000381469727,21.280000686645508,20.559999465942383,21.149999618530273,19.963768005371094,9046953
2023-12-29,21.149999618530273,22.3799991607666,21.149999618530273,22.31999969482422,21.068145751953125,19736001
2024-01-02,22.329999923706055,22.450000762939453,21.969999313354492,22.170000076293945,20.926559448242188,11953229
2024-01-03,22.149999618530273,22.190000534057617,21.68000030517578,21.799999237060547,20.57731056213379,8822090
2024-01-04,21.770000457763672,21.770000457763672,21.030000686645508,21.25,20.05815887451172,11271911
2024-01-05,21.25,21.510000228881836,20.56999969482422,20.700000762939453,19.53900718688965,10728704
2024-01-08,20.579999923706055,20.770000457763672,20.149999618530273,20.15999984741211,19.029293060302734,7784000
2024-01-09,20.139999389648438,20.469999313354492,19.959999084472656,20.010000228881836,18.887706756591797,7855041
2024-01-10,20.010000228881836,20.079999923706055,19.270000457763672,19.530000686645508,18.434629440307617,14709020
2024-01-11,19.6299991607666,20.420000076293945,19.420000076293945,20.329999923706055,19.18975830078125,11278271
2024-01-12,20.31999969482422,20.31999969482422,19.850000381469727,19.959999084472656,18.84050941467285,6528258
2024-01-15,19.899999618530273,20.229999542236328,19.700000762939453,19.969999313354492,18.84994888305664,4672900
2024-01-16,19.969999313354492,19.979999542236328,19.579999923706055,19.850000381469727,18.73668098449707,5730368
2024-01-17,19.81999969482422,19.81999969482422,19.309999465942383,19.309999465942383,18.226966857910156,5635083
2024-01-18,19.239999771118164,19.459999084472656,18.75,19.420000076293945,18.33079719543457,8961751
2024-01-19,19.43000030517578,19.799999237060547,19.229999542236328,19.31999969482422,18.236404418945312,6829473
2024-01-22,19.31999969482422,19.729999542236328,18.31999969482422,18.510000228881836,17.47183609008789,12150428
2024-01-23,18.5,19.049999237060547,18.299999237060547,18.899999618530273,17.839962005615234,9546601
2024-01-24,19.06999969482422,19.170000076293945,18.520000457763672,19.1200008392334,18.047624588012695,8200911
2024-01-25,19.079999923706055,19.329999923706055,18.8799991607666,19.219999313354492,18.142013549804688,10277155
2024-01-26,19.100000381469727,19.100000381469727,18.600000381469727,18.6299991607666,17.58510398864746,11163733
2024-01-29,18.639999389648438,18.899999618530273,18.18000030517578,18.209999084472656,17.18865966796875,8635407
2024-01-30,18.209999084472656,18.299999237060547,17.649999618530273,17.670000076293945,16.67894744873047,6865603
2024-01-31,17.770000457763672,18.030000686645508,17.389999389648438,17.510000228881836,16.527923583984375,9847403
2024-02-01,17.399999618530273,17.950000762939453,17.3700008392334,17.649999618530273,16.660070419311523,9936225
2024-02-02,17.6299991607666,17.899999618530273,16.34000015258789,16.8799991607666,15.933256149291992,10702702
2024-02-05,16.600000381469727,17.649999618530273,15.920000076293945,17.219999313354492,16.254186630249023,18307551
2024-02-06,17.09000015258789,18.25,17.010000228881836,18.209999084472656,17.18865966796875,14177892
2024-02-07,18.209999084472656,19.1200008392334,18.110000610351562,18.899999618530273,17.839962005615234,16885180
2024-02-08,18.899999618530273,19.309999465942383,18.780000686645508,19.049999237060547,17.981548309326172,13678000
2024-02-19,19.09000015258789,19.56999969482422,18.799999237060547,19.399999618530273,18.311920166015625,14291863
2024-02-20,19.229999542236328,19.549999237060547,19.100000381469727,19.479999542236328,18.38743019104004,7177984
2024-02-21,19.350000381469727,19.799999237060547,19.110000610351562,19.479999542236328,18.38743019104004,10228689
2024-02-22,19.469999313354492,19.950000762939453,19.3700008392334,19.8799991607666,18.764997482299805,6770855
2024-02-23,19.889999389648438,20.149999618530273,19.719999313354492,20.06999969482422,18.944339752197266,7631657
2024-02-26,20.06999969482422,20.139999389648438,19.809999465942383,19.8799991607666,18.764997482299805,6191281
2024-02-27,19.770000457763672,20.530000686645508,19.68000030517578,20.530000686645508,19.378541946411133,8964764
2024-02-28,20.5,21.049999237060547,20.06999969482422,20.06999969482422,18.944339752197266,11827077
2024-02-29,20.010000228881836,21.139999389648438,19.969999313354492,21.079999923706055,19.897693634033203,11799380
2024-03-01,21.1200008392334,22.079999923706055,20.979999542236328,21.670000076293945,20.45460319519043,20006879
2024-03-04,21.670000076293945,23.84000015258789,21.5,22.719999313354492,21.445711135864258,48295921
2024-03-05,22.389999389648438,22.850000381469727,21.850000381469727,22.329999923706055,21.077585220336914,40711365
2024-03-06,22.010000228881836,22.149999618530273,21.440000534057617,21.719999313354492,20.50179672241211,23551193
2024-03-07,21.5,22.020000457763672,21.200000762939453,21.3799991607666,20.180866241455078,18312354
2024-03-08,21.389999389648438,22.299999237060547,21.389999389648438,22.280000686645508,21.030391693115234,27455465
2024-03-11,21.899999618530273,21.93000030517578,21.5,21.889999389648438,20.662263870239258,19949445
2024-03-12,21.75,22.309999465942383,21.75,22.149999618530273,20.907682418823242,19562176
2024-03-13,22.299999237060547,22.65999984741211,22.139999389648438,22.25,21.002071380615234,21704372
2024-03-14,22.0,22.239999771118164,21.450000762939453,21.690000534057617,20.473480224609375,19266603
2024-03-15,21.579999923706055,21.850000381469727,21.420000076293945,21.850000381469727,20.6245059967041,10045320
2024-03-18,21.809999465942383,24.040000915527344,21.809999465942383,24.040000915527344,22.69167709350586,40452446
2024-03-19,24.040000915527344,24.780000686645508,23.610000610351562,24.139999389648438,22.786067962646484,47644678
2024-03-20,24.139999389648438,25.059999465942383,24.139999389648438,24.459999084472656,23.088119506835938,37688734
2024-03-21,24.579999923706055,24.8700008392334,24.190000534057617,24.350000381469727,22.984289169311523,23587023
2024-03-22,24.479999542236328,24.65999984741211,24.010000228881836,24.329999923706055,22.965412139892578,21057054
2024-03-25,24.489999771118164,24.549999237060547,22.899999618530273,23.110000610351562,21.813838958740234,33335170
2024-03-26,23.200000762939453,23.579999923706055,23.020000457763672,23.25,21.945985794067383,15102856
2024-03-27,23.110000610351562,23.389999389648438,22.5,22.549999237060547,21.28524398803711,14467044
2024-03-28,22.600000381469727,23.899999618530273,22.579999923706055,23.6200008392334,22.29523468017578,19826523
2024-03-29,23.600000381469727,23.690000534057617,23.020000457763672,23.200000762939453,21.89879035949707,7495700
2024-04-01,23.5,23.5,22.489999771118164,22.690000534057617,21.417394638061523,25050533
2024-04-02,22.700000762939453,22.84000015258789,22.15999984741211,22.40999984741211,21.153099060058594,17713739
2024-04-03,22.229999542236328,22.399999618530273,21.75,21.860000610351562,20.63394546508789,17070101
2024-04-08,21.8700008392334,22.09000015258789,21.56999969482422,21.600000381469727,20.38852882385254,14759971
2024-04-09,21.850000381469727,21.920000076293945,21.299999237060547,21.899999618530273,20.671701431274414,15439537
2024-04-10,21.760000228881836,21.829999923706055,21.209999084472656,21.3799991607666,20.180866241455078,12058805
2024-04-11,21.219999313354492,21.780000686645508,21.170000076293945,21.25,20.05815887451172,12425580
2024-04-12,21.3799991607666,22.219999313354492,21.3799991607666,21.989999771118164,20.75665283203125,27735663
2024-04-15,21.979999542236328,22.299999237060547,21.75,22.139999389648438,20.89824104309082,17819405
2024-04-16,21.969999313354492,22.100000381469727,21.219999313354492,21.280000686645508,20.086477279663086,11325500
2024-04-17,21.510000228881836,22.079999923706055,21.43000030517578,22.079999923706055,20.84160614013672,13667212
2024-04-18,21.959999084472656,22.329999923706055,21.530000686645508,21.8700008392334,20.643386840820312,12703540
2024-04-19,21.670000076293945,22.06999969482422,21.43000030517578,21.93000030517578,20.70001983642578,14865656
2024-04-22,21.5,22.56999969482422,20.90999984741211,22.399999618530273,21.143657684326172,18717409
2024-04-23,22.18000030517578,22.93000030517578,21.8799991607666,22.450000762939453,21.19085693359375,20493144
2024-04-24,22.399999618530273,22.8799991607666,22.110000610351562,22.729999542236328,21.455150604248047,13174485
2024-04-25,22.899999618530273,23.84000015258789,22.709999084472656,23.600000381469727,22.27635383605957,28524177
2024-04-26,23.5,23.940000534057617,23.469999313354492,23.690000534057617,22.36130714416504,15632305
2024-04-29,24.0,24.6299991607666,23.75,24.469999313354492,23.097557067871094,24791531
2024-04-30,24.469999313354492,24.8700008392334,24.030000686645508,24.139999389648438,22.786067962646484,18595891
2024-05-06,25.020000457763672,26.549999237060547,25.020000457763672,26.549999237060547,25.060897827148438,58320141
2024-05-07,27.1200008392334,28.3700008392334,26.889999389648438,27.5,25.957616806030273,66116488
2024-05-08,27.5,27.56999969482422,26.93000030517578,26.979999542236328,25.466781616210938,21051293
2024-05-09,26.90999984741211,27.239999771118164,26.540000915527344,26.850000381469727,25.344074249267578,21248030
2024-05-10,27.0,27.579999923706055,26.799999237060547,27.200000762939453,25.674442291259766,16507166
2024-05-13,27.010000228881836,28.15999984741211,26.829999923706055,27.799999237060547,26.24078941345215,22920399
2024-05-14,28.700000762939453,29.209999084472656,27.649999618530273,27.93000030517578,26.36349868774414,22921956
2024-05-15,27.739999771118164,28.350000381469727,27.549999237060547,27.600000381469727,26.05200958251953,15495113
2024-05-16,28.0,28.450000762939453,27.579999923706055,28.139999389648438,26.56171989440918,19276937
2024-05-17,27.989999771118164,28.15999984741211,27.299999237060547,27.579999923706055,26.03312873840332,22161984
2024-05-20,27.5,27.84000015258789,27.25,27.760000228881836,26.203033447265625,16400474
2024-05-21,27.719999313354492,28.579999923706055,27.579999923706055,28.43000030517578,26.83545684814453,19338096
2024-05-22,28.600000381469727,29.290000915527344,28.149999618530273,28.950000762939453,27.326292037963867,18950330
2024-05-23,28.959999084472656,29.190000534057617,28.389999389648438,28.780000686645508,27.16582679748535,12995133
2024-05-24,28.780000686645508,29.1299991607666,28.280000686645508,28.31999969482422,26.731624603271484,12765604
2024-05-27,28.600000381469727,29.1200008392334,28.450000762939453,29.0,27.37348747253418,16010600
2024-05-28,29.0,29.0,28.139999389648438,28.3700008392334,26.77882194519043,15312993
2024-05-29,28.360000610351562,28.989999771118164,28.0,28.790000915527344,27.17526626586914,10837953
2024-05-30,28.700000762939453,31.110000610351562,28.540000915527344,30.18000030517578,28.487306594848633,32771442
2024-05-31,30.100000381469727,30.700000762939453,29.25,29.899999618530273,28.22300910949707,24849543
2024-06-03,29.690000534057617,30.760000228881836,29.579999923706055,30.190000534057617,28.496742248535156,17876439
2024-06-04,30.200000762939453,30.360000610351562,29.709999084472656,30.06999969482422,28.383474349975586,14450068
2024-06-05,30.059999465942383,30.8799991607666,29.75,30.540000915527344,28.82711410522461,17433175
2024-06-06,30.8799991607666,33.0,30.8799991607666,31.899999618530273,30.1108341217041,25401503
2024-06-07,31.850000381469727,32.349998474121094,30.309999465942383,30.739999771118164,29.01589584350586,25413896
2024-06-11,30.690000534057617,31.149999618530273,29.690000534057617,30.979999542236328,29.242433547973633,23408013
2024-06-12,32.810001373291016,33.9900016784668,32.439998626708984,32.650001525878906,30.818775177001953,33941363
2024-06-13,32.72999954223633,33.70000076293945,32.11000061035156,32.29999923706055,30.96255874633789,24724974
2024-06-14,32.63999938964844,34.90999984741211,32.310001373291016,34.5,33.07146453857422,31640207
2024-06-17,34.5,37.95000076293945,34.5,37.95000076293945,36.37861251831055,27261569
2024-06-18,38.5,39.630001068115234,37.439998626708984,39.0,37.3851318359375,47402529
2024-06-19,38.20000076293945,38.599998474121094,36.939998626708984,37.779998779296875,36.21564865112305,39330310
2024-06-20,37.65999984741211,38.06999969482422,37.31999969482422,37.650001525878906,36.091033935546875,21612565
2024-06-21,36.599998474121094,38.400001525878906,36.5,37.900001525878906,36.33068084716797,21114180
2024-06-24,37.79999923706055,39.400001525878906,37.630001068115234,37.9900016784668,36.416954040527344,25045301
2024-06-25,38.0,38.34000015258789,36.880001068115234,37.20000076293945,35.65966796875,23710000
2024-06-26,37.54999923706055,40.91999816894531,37.060001373291016,40.470001220703125,38.79426574707031,34463605
2024-06-27,39.9900016784668,43.43000030517578,39.43000030517578,39.83000183105469,38.18076705932617,42125087
2024-06-28,39.540000915527344,40.83000183105469,39.400001525878906,39.7599983215332,38.11366271972656,27323183
2024-07-01,39.86000061035156,39.880001068115234,37.720001220703125,39.20000076293945,37.57685089111328,34721304
2024-07-02,39.599998474121094,40.09000015258789,38.2599983215332,38.45000076293945,36.857906341552734,19517975
2024-07-03,38.5,39.16999816894531,37.90999984741211,38.150001525878906,36.57033157348633,19418543
2024-07-04,38.34000015258789,39.54999923706055,38.099998474121094,38.29999923706055,36.714115142822266,19372800
2024-07-05,38.29999923706055,38.29999923706055,36.869998931884766,37.97999954223633,36.40736770629883,19470131
2024-07-08,38.16999816894531,39.36000061035156,37.77000045776367,38.95000076293945,37.33720397949219,25611989
2024-07-09,39.09000015258789,42.0,38.61000061035156,41.52000045776367,39.800785064697266,33693739
2024-07-10,41.5,43.20000076293945,40.4900016784668,42.47999954223633,40.72103500366211,28748995
2024-07-11,43.5,43.58000183105469,38.77000045776367,40.88999938964844,39.19687271118164,49347449
2024-07-12,39.939998626708984,40.29999923706055,38.79999923706055,39.84000015258789,38.19035339355469,28398786
2024-07-15,39.5,39.869998931884766,38.5,39.16999816894531,37.548091888427734,17323898
2024-07-16,39.29999923706055,40.720001220703125,39.099998474121094,40.41999816894531,38.746334075927734,25601714
2024-07-17,40.0,40.15999984741211,38.349998474121094,38.869998931884766,37.26051330566406,24080610
2024-07-18,37.0,38.25,36.29999923706055,37.58000183105469,36.02393341064453,39798203
2024-07-19,36.9900016784668,38.02000045776367,36.18000030517578,37.04999923706055,35.51587677001953,29323257
2024-07-22,36.880001068115234,37.70000076293945,36.31999969482422,37.34000015258789,35.79386901855469,19550961
2024-07-23,37.560001373291016,37.58000183105469,36.20000076293945,36.25,34.749000549316406,15962237
2024-07-24,36.209999084472656,36.86000061035156,35.599998474121094,35.72999954223633,34.25053405761719,14575630
2024-07-25,35.66999816894531,35.95000076293945,34.400001525878906,35.58000183105469,34.10674285888672,21457374
2024-07-26,35.599998474121094,36.619998931884766,35.310001373291016,36.150001525878906,34.653141021728516,21581500
2024-07-29,36.0,37.720001220703125,35.5,36.599998474121094,35.084510803222656,20496077
2024-07-30,36.400001525878906,36.560001373291016,35.5099983215332,35.7599983215332,34.27928924560547,12339169
2024-07-31,35.599998474121094,37.58000183105469,35.58000183105469,37.279998779296875,35.736351013183594,21370796
2024-08-01,38.18000030517578,38.20000076293945,36.66999816894531,36.72999954223633,35.20912551879883,16349113
2024-08-02,36.20000076293945,37.189998626708984,35.77000045776367,36.31999969482422,34.816104888916016,10942479
2024-08-05,33.79999923706055,35.29999923706055,33.400001525878906,33.849998474121094,32.44837951660156,35250410
2024-08-06,35.47999954223633,35.47999954223633,34.2599983215332,34.9900016784668,33.541175842285156,20750019
2024-08-07,34.75,35.20000076293945,33.72999954223633,34.29999923706055,32.87974548339844,16159466
2024-08-08,33.93000030517578,34.880001068115234,33.599998474121094,34.439998626708984,33.01395034790039,12230989
2024-08-09,34.79999923706055,35.849998474121094,34.720001220703125,35.150001525878906,33.694549560546875,12938490
2024-08-12,35.04999923706055,35.97999954223633,35.04999923706055,35.29999923706055,33.838340759277344,8907740
2024-08-13,35.40999984741211,36.29999923706055,34.880001068115234,35.2599983215332,33.799991607666016,10160700
2024-08-14,34.04999923706055,34.599998474121094,33.16999816894531,33.900001525878906,32.49631118774414,32798708
2024-08-15,33.4900016784668,34.310001373291016,33.09000015258789,33.20000076293945,31.825294494628906,17927484
2024-08-16,33.45000076293945,34.08000183105469,33.20000076293945,33.70000076293945,32.30459213256836,16135350
2024-08-19,33.75,34.65999984741211,33.459999084472656,33.47999954223633,32.09370040893555,9530146
2024-08-20,33.5099983215332,33.93000030517578,32.959999084472656,33.16999816894531,31.79653549194336,8016247
2024-08-21,32.88999938964844,35.06999969482422,32.81999969482422,34.060001373291016,32.64968490600586,15804648
2024-08-22,33.959999084472656,34.5099983215332,32.91999816894531,34.099998474121094,32.68802261352539,13602600
2024-08-23,34.099998474121094,34.59000015258789,33.65999984741211,34.25,32.83181381225586,8414069
2024-08-26,34.27000045776367,34.54999923706055,33.400001525878906,33.58000183105469,32.18955993652344,11359428
2024-08-27,33.47999954223633,34.13999938964844,33.20000076293945,33.29999923706055,31.921152114868164,10062236
2024-08-28,33.20000076293945,34.099998474121094,33.060001373291016,33.61000061035156,32.218318939208984,8626199
2024-08-29,33.369998931884766,34.0099983215332,32.599998474121094,33.4900016784668,32.10328674316406,10662335
2024-08-30,33.54999923706055,36.4900016784668,33.400001525878906,35.79999923706055,34.31763458251953,34284197
2024-09-02,35.650001525878906,35.900001525878906,34.29999923706055,35.099998474121094,33.6466178894043,18908660
2024-09-03,34.970001220703125,35.77000045776367,34.04999923706055,35.02000045776367,33.5699348449707,14079061
2024-09-04,34.5,34.79999923706055,33.45000076293945,34.13999938964844,32.72637176513672,13728400
2024-09-05,34.099998474121094,34.869998931884766,33.68000030517578,34.189998626708984,32.77429962158203,8951121
2024-09-06,34.5,34.7599983215332,33.5,33.54999923706055,32.160797119140625,7436892
2024-09-09,33.02000045776367,33.97999954223633,32.97999954223633,33.34000015258789,31.959495544433594,12774900
2024-09-10,33.34000015258789,33.869998931884766,32.5,33.36000061035156,31.978668212890625,9554070
2024-09-11,33.29999923706055,33.97999954223633,32.58000183105469,32.81999969482422,31.461027145385742,11440259
2024-09-12,32.93000030517578,33.470001220703125,32.060001373291016,32.290000915527344,30.952974319458008,10042612
2024-09-13,32.220001220703125,34.5,32.119998931884766,33.75,32.35251998901367,17642106
2024-09-18,33.20000076293945,33.7400016784668,31.399999618530273,31.600000381469727,30.29154396057129,19308960
2024-09-19,31.690000534057617,32.34000015258789,31.3700008392334,32.119998931884766,30.790010452270508,15206120
2024-09-20,32.22999954223633,33.16999816894531,32.029998779296875,32.189998626708984,30.857112884521484,8859860
2024-09-23,32.189998626708984,33.02000045776367,31.610000610351562,31.639999389648438,30.32988739013672,11041198
2024-09-24,31.809999465942383,33.599998474121094,31.200000762939453,32.959999084472656,31.595232009887695,15025996
2024-09-25,33.2400016784668,33.9900016784668,31.829999923706055,31.989999771118164,30.665393829345703,25910608
2024-09-26,31.799999237060547,32.279998779296875,29.850000381469727,30.709999084472656,29.438396453857422,60188266
2024-09-27,30.989999771118164,33.290000915527344,30.75,32.52000045776367,31.173452377319336,39331267
2024-09-30,33.79999923706055,35.77000045776367,32.65999984741211,35.77000045776367,34.28887939453125,39491341
2024-10-08,39.349998474121094,39.349998474121094,35.0,38.0,36.42654037475586,59310611
2024-10-09,37.43000030517578,37.650001525878906,35.150001525878906,35.16999816894531,33.713722229003906,33111679
2024-10-10,35.33000183105469,37.5,35.02000045776367,35.880001068115234,34.394325256347656,30236069
2024-10-11,35.540000915527344,36.18000030517578,34.0,35.18000030517578,33.72330856323242,21333318
2024-10-14,35.119998931884766,36.0,34.31999969482422,35.959999084472656,34.47100830078125,26512718
2024-10-15,35.95000076293945,36.36000061035156,34.40999984741211,34.43000030517578,33.004364013671875,23971862
2024-10-16,33.5,33.86000061035156,31.709999084472656,32.650001525878906,31.29806900024414,38020635
2024-10-17,32.849998474121094,33.79999923706055,32.650001525878906,32.720001220703125,31.36516761779785,16788838
2024-10-18,32.709999084472656,35.59000015258789,32.400001525878906,34.939998626708984,33.49324417114258,37512781
2024-10-21,35.25,38.33000183105469,34.970001220703125,36.25,34.749000549316406,45768774
2024-10-22,36.279998779296875,38.349998474121094,35.54999923706055,36.86000061035156,35.333744049072266,25628099
2024-10-23,36.5,38.41999816894531,35.93000030517578,37.040000915527344,35.50629425048828,22798946
2024-10-24,36.66999816894531,37.59000015258789,36.369998931884766,37.38999938964844,35.841796875,15375241
2024-10-25,37.45000076293945,37.9900016784668,36.2599983215332,36.40999984741211,34.902374267578125,19256200
2024-10-28,36.380001068115234,36.72999954223633,35.29999923706055,36.2599983215332,34.75858688354492,17614045
2024-10-29,36.099998474121094,38.0,35.900001525878906,37.349998474121094,35.8034553527832,25886889
2024-10-30,37.220001220703125,37.75,36.20000076293945,36.61000061035156,35.09409713745117,15713000
2024-10-31,37.0099983215332,38.970001220703125,37.0099983215332,37.529998779296875,35.97600173950195,27907401
2024-11-01,37.0,38.880001068115234,36.529998779296875,36.650001525878906,35.132442474365234,24924438
2024-11-04,36.02000045776367,38.15999984741211,36.0,37.29999923706055,35.755523681640625,16004425
2024-11-05,37.56999969482422,38.560001373291016,36.29999923706055,38.08000183105469,36.503231048583984,28330331
2024-11-06,38.09000015258789,38.2400016784668,36.11000061035156,36.16999816894531,34.67231369018555,41464091
2024-11-07,35.810001373291016,35.810001373291016,34.060001373291016,35.470001220703125,34.00130081176758,37443230
2024-11-08,35.47999954223633,36.43000030517578,34.97999954223633,35.060001373291016,33.6082763671875,21518637
2024-11-11,35.0,35.720001220703125,34.400001525878906,35.0099983215332,33.56034851074219,36490949
2024-11-12,34.970001220703125,35.45000076293945,34.27000045776367,34.540000915527344,33.109806060791016,35043207
2024-11-13,34.25,35.66999816894531,34.119998931884766,35.45000076293945,33.98212814331055,27292449
2024-11-14,35.33000183105469,35.33000183105469,34.099998474121094,34.25,32.83181381225586,15971990
2024-11-15,34.27000045776367,34.650001525878906,33.529998779296875,33.560001373291016,32.17039108276367,13424310
2024-11-18,33.400001525878906,33.7599983215332,32.529998779296875,32.77000045776367,31.413097381591797,13861443
2024-11-19,32.959999084472656,33.189998626708984,31.989999771118164,32.84000015258789,31.480199813842773,15425668
2024-11-20,32.79999923706055,33.0,32.22999954223633,32.779998779296875,31.422683715820312,15461157
2024-11-21,32.72999954223633,32.75,31.709999084472656,32.13999938964844,30.80918312072754,22839777
2024-11-22,32.150001525878906,32.54999923706055,31.139999389648438,31.139999389648438,29.8505916595459,20646354
2024-11-25,31.229999542236328,31.350000381469727,30.010000228881836,30.360000610351562,29.102890014648438,20025101
2024-11-26,30.299999237060547,32.25,30.270000457763672,31.670000076293945,30.358646392822266,21732307
2024-11-27,31.780000686645508,34.13999938964844,31.68000030517578,33.97999954223633,32.572994232177734,33054787
2024-11-28,33.900001525878906,33.900001525878906,32.970001220703125,33.04999923706055,31.681503295898438,17390321
2024-11-29,33.040000915527344,33.880001068115234,32.790000915527344,33.560001373291016,32.17039108276367,15263970
2024-12-02,34.0099983215332,35.54999923706055,33.900001525878906,35.09000015258789,33.63703536987305,26327607
2024-12-03,34.95000076293945,35.33000183105469,34.310001373291016,35.18000030517578,33.72330856323242,17264162
2024-12-04,34.900001525878906,35.20000076293945,33.650001525878906,33.9900016784668,32.582584381103516,18864797
2024-12-05,33.93000030517578,34.5,33.220001220703125,33.470001220703125,32.08411407470703,11445020
2024-12-06,33.5,35.150001525878906,33.47999954223633,34.970001220703125,33.522003173828125,19886308
2024-12-09,34.7400016784668,35.040000915527344,34.209999084472656,34.779998779296875,33.33987045288086,9849549
2024-12-10,35.810001373291016,36.40999984741211,34.5,35.86000061035156,34.37514877319336,24432471
2024-12-11,35.720001220703125,36.400001525878906,35.310001373291016,36.099998474121094,34.6052131652832,14009708
2024-12-12,36.099998474121094,36.849998474121094,35.7599983215332,36.36000061035156,34.85445022583008,11747235
2024-12-13,36.13999938964844,36.70000076293945,35.900001525878906,35.959999084472656,34.47100830078125,11897115
2024-12-16,35.849998474121094,36.720001220703125,35.58000183105469,35.790000915527344,34.30805206298828,12186008
2024-12-17,35.58000183105469,37.29999923706055,35.5,36.40999984741211,34.902374267578125,13430960
2024-12-18,36.70000076293945,36.70000076293945,36.02000045776367,36.22999954223633,34.72983169555664,8634052
2024-12-19,35.93000030517578,38.849998474121094,35.810001373291016,38.40999984741211,36.81956481933594,21729893
2024-12-20,38.040000915527344,38.599998474121094,37.0,37.349998474121094,35.8034553527832,20486174
2024-12-23,37.400001525878906,38.20000076293945,36.90999984741211,37.119998931884766,35.582977294921875,11979589
2024-12-24,37.18000030517578,37.880001068115234,36.79999923706055,37.66999816894531,36.11020278930664,9779378
2024-12-25,37.7400016784668,38.20000076293945,37.209999084472656,37.54999923706055,35.99517059326172,8269400
2024-12-26,37.400001525878906,38.77000045776367,36.90999984741211,38.70000076293945,37.097557067871094,18015778
2024-12-27,38.20000076293945,38.29999923706055,37.04999923706055,37.09000015258789,35.554222106933594,16402499
2024-12-30,37.040000915527344,38.27000045776367,37.040000915527344,37.40999984741211,35.86096954345703,11092216
2024-12-31,37.38999938964844,37.849998474121094,36.459999084472656,36.47999954223633,34.969478607177734,11246297
2025-01-02,36.47999954223633,36.959999084472656,35.33000183105469,35.599998474121094,34.12591552734375,11567125
2025-01-03,35.86000061035156,36.189998626708984,35.060001373291016,35.06999969482422,33.617862701416016,11341918
2025-01-06,35.290000915527344,35.70000076293945,34.400001525878906,34.70000076293945,33.26318359375,7656275
2025-01-07,34.970001220703125,37.560001373291016,34.779998779296875,37.470001220703125,35.918487548828125,19310167
2025-01-08,37.43000030517578,37.72999954223633,36.7599983215332,37.47999954223633,35.92807388305664,12588413
2025-01-09,37.45000076293945,39.0,37.20000076293945,38.029998779296875,36.45529556274414,14434952
2025-01-10,37.5,37.790000915527344,36.97999954223633,37.04999923706055,35.51587677001953,9706057
2025-01-13,36.220001220703125,37.099998474121094,35.20000076293945,35.45000076293945,33.98212814331055,11999645
2025-01-14,35.29999923706055,37.33000183105469,34.66999816894531,37.0099983215332,35.47753143310547,13797359
2025-01-15,36.81999969482422,37.79999923706055,36.5099983215332,36.95000076293945,35.42001724243164,9727823
2025-01-16,36.880001068115234,36.95000076293945,35.849998474121094,36.58000183105469,35.065338134765625,8826426
2025-01-17,36.29999923706055,37.279998779296875,36.0,36.9900016784668,35.4583625793457,9436278
2025-01-20,37.290000915527344,39.630001068115234,37.11000061035156,39.099998474121094,37.48099136352539,18796789
2025-01-21,39.099998474121094,40.58000183105469,38.599998474121094,40.029998779296875,38.37248229980469,19101164
2025-01-22,40.0,40.4900016784668,39.09000015258789,39.86000061035156,38.20952224731445,14356920
2025-01-23,39.970001220703125,40.939998626708984,39.5,39.95000076293945,38.295799255371094,15567500
2025-01-24,39.849998474121094,41.900001525878906,39.689998626708984,41.38999938964844,39.676170349121094,17695238
2025-01-27,41.0,41.2599983215332,40.310001373291016,40.4900016784668,38.813438415527344,10271750
2025-02-05,40.4900016784668,40.75,38.439998626708984,39.79999923706055,38.152008056640625,14043698
2025-02-06,39.880001068115234,40.380001068115234,38.52000045776367,39.91999816894531,38.26703643798828,15209644
2025-02-07,40.11000061035156,41.29999923706055,39.47999954223633,40.0099983215332,38.353309631347656,14483025
2025-02-10,40.33000183105469,42.380001068115234,40.0,42.349998474121094,40.59641647338867,17785899
2025-02-11,42.119998931884766,42.790000915527344,41.90999984741211,42.459999084472656,40.701866149902344,11028810
2025-02-12,42.2599983215332,43.790000915527344,42.02000045776367,42.34000015258789,40.58683395385742,12005937
2025-02-13,42.349998474121094,42.7599983215332,40.54999923706055,40.650001525878906,38.96681213378906,10620166
2025-02-14,40.650001525878906,41.63999938964844,40.54999923706055,40.9900016784668,39.2927360534668,9624366
2025-02-17,41.15999984741211,42.18000030517578,40.709999084472656,41.130001068115234,39.426937103271484,11063517
2025-02-18,41.130001068115234,41.91999816894531,40.65999984741211,40.790000915527344,39.10101318359375,7102720
2025-02-19,40.70000076293945,41.099998474121094,40.25,40.849998474121094,39.158531188964844,11859016
2025-02-20,40.88999938964844,42.40999984741211,40.79999923706055,42.18000030517578,40.4334602355957,11477241
2025-02-21,42.20000076293945,43.150001525878906,41.79999923706055,42.720001220703125,40.95110321044922,12934689
2025-02-24,42.4900016784668,42.880001068115234,41.470001220703125,42.0099983215332,40.2704963684082,9533165
2025-02-25,42.75,44.65999984741211,42.0099983215332,43.63999938964844,41.833003997802734,20642056
2025-02-26,43.63999938964844,44.439998626708984,42.599998474121094,42.900001525878906,41.12364959716797,11958785
2025-02-27,42.900001525878906,43.099998474121094,40.900001525878906,41.52000045776367,39.800785064697266,12768750
2025-02-28,41.0,41.34000015258789,39.810001373291016,40.040000915527344,38.3820686340332,13759014
2025-03-03,39.93000030517578,40.0,38.04999923706055,38.380001068115234,36.79080581665039,14707543
2025-03-04,37.9900016784668,39.099998474121094,37.810001373291016,38.959999084472656,37.3467903137207,8077916
2025-03-05,38.959999084472656,39.97999954223633,38.70000076293945,39.400001525878906,37.76857376098633,7051105
2025-03-06,39.45000076293945,40.08000183105469,39.099998474121094,39.33000183105469,37.70146942138672,9137813
2025-03-07,39.11000061035156,39.9900016784668,38.75,39.029998779296875,37.41388702392578,7825672
2025-03-10,38.86000061035156,39.58000183105469,38.380001068115234,38.91999816894531,37.30844497680664,8010087
2025-03-11,38.150001525878906,39.18000030517578,37.79999923706055,38.279998779296875,36.6949462890625,10896861
2025-03-12,38.369998931884766,38.58000183105469,37.150001525878906,38.279998779296875,36.6949462890625,15404048
2025-03-13,38.279998779296875,38.279998779296875,37.099998474121094,37.40999984741211,35.86096954345703,14853091
2025-03-14,37.31999969482422,38.77000045776367,37.20000076293945,38.220001220703125,36.63743209838867,11829926
2025-03-17,38.54999923706055,38.54999923706055,37.060001373291016,37.2400016784668,35.6980094909668,17124292
2025-03-18,37.40999984741211,38.38999938964844,36.75,37.720001220703125,36.15813446044922,17422674
2025-03-19,37.630001068115234,37.95000076293945,37.0,37.439998626708984,35.88972473144531,10861057
2025-03-20,37.29999923706055,37.43000030517578,36.5,36.650001525878906,35.132442474365234,11067919
2025-03-21,36.5099983215332,36.869998931884766,36.099998474121094,36.2400016784668,34.739418029785156,7724784
2025-03-24,36.2599983215332,37.45000076293945,36.2599983215332,37.04999923706055,35.51587677001953,13305959
2025-03-25,37.099998474121094,37.459999084472656,36.40999984741211,36.70000076293945,35.18037033081055,9471910
2025-03-26,36.79999923706055,37.20000076293945,36.209999084472656,36.2599983215332,34.75858688354492,8266669
2025-03-27,36.119998931884766,36.63999938964844,36.02000045776367,36.310001373291016,34.8065185546875,7050171
2025-03-28,36.310001373291016,37.02000045776367,35.880001068115234,36.36000061035156,34.85445022583008,7520862
2025-03-31,36.20000076293945,36.83000183105469,35.95000076293945,36.279998779296875,34.77775573730469,9236038
2025-04-01,36.40999984741211,36.529998779296875,36.0099983215332,36.27000045776367,34.76817321777344,7774214
2025-04-02,36.27000045776367,37.220001220703125,36.13999938964844,37.09000015258789,35.554222106933594,10105365
2025-04-03,36.630001068115234,36.90999984741211,33.380001068115234,33.380001068115234,31.99784278869629,38094476
2025-04-07,30.040000915527344,30.040000915527344,30.040000915527344,30.040000915527344,28.796138763427734,3908100
2025-04-08,28.030000686645508,28.8799991607666,27.040000915527344,27.040000915527344,25.920360565185547,31200142
2025-04-09,25.799999237060547,26.229999542236328,24.68000030517578,26.0,24.92342185974121,57251261
2025-04-10,28.59000015258789,28.600000381469727,27.5,27.950000762939453,26.792680740356445,44928677
2025-04-11,27.59000015258789,30.299999237060547,27.020000457763672,29.899999618530273,28.661935806274414,42928534
2025-04-14,31.770000457763672,31.799999237060547,29.209999084472656,29.520000457763672,28.297670364379883,39036453
2025-04-15,29.260000228881836,29.690000534057617,28.350000381469727,28.81999969482422,27.62665557861328,23602827
2025-04-16,28.579999923706055,28.700000762939453,27.31999969482422,27.639999389648438,26.495513916015625,22847448
2025-04-17,27.520000457763672,28.299999237060547,27.510000228881836,27.790000915527344,26.63930320739746,13589901
2025-04-18,27.790000915527344,28.389999389648438,27.790000915527344,28.260000228881836,27.08984375,9573800
2025-04-21,28.020000457763672,28.920000076293945,27.729999542236328,28.81999969482422,27.62665557861328,11358600
2025-04-22,28.81999969482422,28.8799991607666,28.280000686645508,28.34000015258789,27.16653060913086,9904929
2025-04-23,29.1299991607666,29.989999771118164,28.969999313354492,29.450000762939453,28.230567932128906,19155611
2025-04-24,29.450000762939453,29.760000228881836,28.979999542236328,29.229999542236328,28.019676208496094,11073220
2025-04-25,29.31999969482422,31.0,29.31999969482422,30.040000915527344,28.796138763427734,21192250
2025-04-28,30.040000915527344,30.75,29.530000686645508,29.600000381469727,28.374357223510742,14098137
2025-04-29,29.540000915527344,29.979999542236328,29.329999923706055,29.700000762939453,28.470218658447266,8576111
2025-04-30,28.8799991607666,28.8799991607666,27.700000762939453,28.56999969482422,27.387006759643555,35296829
2025-05-06,28.56999969482422,29.100000381469727,28.350000381469727,29.100000381469727,27.895061492919922,27406523
2025-05-07,29.799999237060547,30.049999237060547,29.0,29.309999465942383,28.096364974975586,24122234
2025-05-08,29.290000915527344,30.770000457763672,29.1200008392334,30.190000534057617,28.93992805480957,28711014
2025-05-09,30.190000534057617,30.190000534057617,29.270000457763672,29.329999923706055,28.115537643432617,15284092
2025-05-12,30.399999618530273,30.969999313354492,30.059999465942383,30.81999969482422,29.543840408325195,23952951
2025-05-13,31.700000762939453,32.29999923706055,29.799999237060547,29.809999465942383,28.575660705566406,37021123
2025-05-14,29.81999969482422,30.3799991607666,29.6200008392334,29.969999313354492,28.72903823852539,19818402
2025-05-15,29.790000915527344,29.790000915527344,29.149999618530273,29.34000015258789,28.125123977661133,14118749
2025-05-16,29.110000610351562,29.770000457763672,28.950000762939453,29.5,28.27849769592285,13222600
2025-05-19,29.420000076293945,29.489999771118164,28.799999237060547,28.969999313354492,27.770442962646484,10782975
2025-05-20,28.899999618530273,29.1200008392334,28.610000610351562,28.90999984741211,27.712928771972656,12093037
2025-05-21,28.90999984741211,29.100000381469727,28.399999618530273,29.09000015258789,27.885475158691406,12477723
2025-05-22,28.899999618530273,29.079999923706055,28.010000228881836,28.239999771118164,27.07067108154297,16361965
2025-05-23,28.149999618530273,28.170000076293945,27.799999237060547,27.8700008392334,26.715993881225586,14903433
2025-05-26,27.510000228881836,28.309999465942383,27.420000076293945,28.18000030517578,27.01315689086914,9833792
2025-05-27,28.059999465942383,28.229999542236328,27.579999923706055,27.579999923706055,26.437999725341797,10481983
2025-05-28,27.829999923706055,28.0,27.56999969482422,27.649999618530273,26.505102157592773,6128499
2025-05-29,28.0,28.950000762939453,28.0,28.420000076293945,27.24321746826172,18115834
2025-05-30,28.110000610351562,28.6299991607666,27.639999389648438,28.270000457763672,27.099428176879883,15652178
2025-06-03,28.020000457763672,28.229999542236328,27.899999618530273,27.969999313354492,26.81184959411621,9388411
2025-06-04,28.049999237060547,29.3799991607666,28.049999237060547,29.049999237060547,27.847131729125977,20990966
2025-06-05,29.0,29.90999984741211,28.899999618530273,29.700000762939453,28.470218658447266,18739081
2025-06-06,29.75,29.8799991607666,29.31999969482422,29.420000076293945,28.201810836791992,15799066
2025-06-09,29.639999389648438,30.18000030517578,29.5,29.979999542236328,28.738622665405273,17055471
2025-06-10,29.940000534057617,30.049999237060547,29.15999984741211,29.43000030517578,28.211397171020508,16367583
2025-06-11,29.59000015258789,30.440000534057617,29.549999237060547,29.729999542236328,28.498973846435547,17992768
2025-06-12,29.600000381469727,30.56999969482422,29.579999923706055,30.15999984741211,28.911169052124023,17766077
2025-06-13,30.0,30.329999923706055,29.809999465942383,30.079999923706055,28.834482192993164,12220974
2025-06-16,30.0,30.889999389648438,29.799999237060547,30.1200008392334,28.872827529907227,16438613
2025-06-17,30.18000030517578,31.540000915527344,30.1299991607666,30.940000534057617,29.658872604370117,31706598
2025-06-18,29.920000076293945,30.959999084472656,29.299999237060547,30.68000030517578,30.391923904418945,33078121
2025-06-19,30.68000030517578,31.25,30.239999771118164,30.440000534057617,30.154178619384766,23930530
2025-06-20,30.5,30.899999618530273,29.889999389648438,30.200000762939453,29.916431427001953,22018172
2025-06-23,29.65999984741211,30.959999084472656,29.610000610351562,30.559999465942383,30.27305030822754,25979227
2025-06-24,30.700000762939453,31.219999313354492,30.329999923706055,30.690000534057617,30.401830673217773,23990914
2025-06-25,30.600000381469727,30.770000457763672,30.170000076293945,30.579999923706055,30.292863845825195,21100773
2025-06-26,30.610000610351562,31.360000610351562,30.43000030517578,30.729999542236328,30.44145393371582,31923228
2025-06-27,30.770000457763672,32.84000015258789,30.020000457763672,32.20000076293945,31.89765167236328,48662679
2025-06-30,32.20000076293945,32.41999816894531,31.65999984741211,32.029998779296875,31.729246139526367,27955276
2025-07-01,32.09000015258789,34.0099983215332,31.899999618530273,33.779998779296875,33.46281433105469,42084068
2025-07-02,33.36000061035156,33.58000183105469,32.31999969482422,32.4900016784668,32.18492889404297,29319686
2025-07-03,32.970001220703125,35.7400016784668,32.939998626708984,35.7400016784668,35.404415130615234,75033974
2025-07-04,35.790000915527344,37.56999969482422,35.130001068115234,36.88999938964844,36.54361343383789,80872501
2025-07-07,36.88999938964844,40.08000183105469,36.88999938964844,37.40999984741211,37.05873107910156,93978556
2025-07-08,37.04999923706055,39.779998779296875,36.61000061035156,39.29999923706055,38.93098449707031,79297847
2025-07-09,39.0,39.45000076293945,38.0,38.31999969482422,37.96018600463867,52845613
2025-07-10,39.04999923706055,40.58000183105469,38.20000076293945,39.68000030517578,39.30741882324219,66977960
2025-07-11,39.099998474121094,39.25,37.68000030517578,37.79999923706055,37.445068359375,52363569
2025-07-14,38.33000183105469,39.91999816894531,38.119998931884766,39.47999954223633,39.10929489135742,48507733
2025-07-15,41.060001373291016,43.43000030517578,40.52000045776367,43.43000030517578,43.0222053527832,82525114
2025-07-16,43.36000061035156,43.400001525878906,41.72999954223633,41.77000045776367,41.37779235839844,51941624
2025-07-17,41.45000076293945,45.95000076293945,41.45000076293945,45.939998626708984,45.508636474609375,58452862
2025-07-18,46.86000061035156,48.880001068115234,46.16999816894531,47.459999084472656,47.01436233520508,68587799
2025-07-21,47.20000076293945,48.06999969482422,46.11000061035156,47.33000183105469,46.88558578491211,47680728
2025-07-22,46.66999816894531,49.16999816894531,46.5,46.900001525878906,46.459625244140625,39306403
2025-07-23,46.0099983215332,46.43000030517578,44.7400016784668,45.0,44.57746505737305,42965091
2025-07-24,45.380001068115234,46.16999816894531,44.04999923706055,44.9900016784668,44.56755828857422,36582163
2025-07-25,44.459999084472656,45.0,43.959999084472656,44.77000045776367,44.34962463378906,19284090
2025-07-28,44.93000030517578,49.25,44.599998474121094,49.25,48.78755569458008,60063164
2025-07-29,49.63999938964844,53.97999954223633,49.56999969482422,53.36000061035156,52.85896682739258,60253604
2025-07-30,53.90999984741211,54.5,52.29999923706055,54.099998474121094,53.59201431274414,39241817
2025-07-31,55.119998931884766,55.97999954223633,52.59000015258789,53.0,52.50234603881836,48825040
2025-08-01,53.68000030517578,53.9900016784668,50.56999969482422,51.5,51.01642990112305,39362975
2025-08-04,50.599998474121094,50.70000076293945,49.09000015258789,49.61000061035156,49.1441764831543,40178446
2025-08-05,50.20000076293945,50.88999938964844,48.150001525878906,48.70000076293945,48.24272155761719,31969089
2025-08-06,48.15999984741211,49.099998474121094,47.86000061035156,48.369998931884766,47.91582107543945,29603969
2025-08-07,48.7599983215332,50.70000076293945,48.0,48.52000045776367,48.06441116333008,46231262
2025-08-08,48.0,51.0,47.77000045776367,50.11000061035156,49.63948440551758,38802960
2025-08-11,50.16999816894531,52.54999923706055,50.06999969482422,51.630001068115234,51.14521026611328,41555157
2025-08-12,51.5,52.45000076293945,50.470001220703125,51.84000015258789,51.35323715209961,36973286
2025-08-13,53.470001220703125,57.0,53.470001220703125,56.900001525878906,56.365726470947266,51886964
2025-08-14,55.02000045776367,55.209999084472656,52.290000915527344,52.45000076293945,51.95751190185547,41946676
2025-08-15,52.20000076293945,53.65999984741211,51.66999816894531,52.130001068115234,51.6405143737793,33217304
2025-08-18,52.0,53.790000915527344,50.599998474121094,52.400001525878906,51.907981872558594,42324691
2025-08-19,52.40999984741211,53.650001525878906,50.779998779296875,51.29999923706055,50.81830596923828,37250464
2025-08-20,52.5099983215332,54.0,51.400001525878906,53.290000915527344,52.78962326049805,51623123
2025-08-21,52.61000061035156,52.61000061035156,48.65999984741211,50.09000015258789,49.61967086791992,50566937
2025-08-22,49.5099983215332,51.9900016784668,49.5,51.900001525878906,51.41267776489258,37104745
2025-08-25,52.029998779296875,53.9900016784668,51.029998779296875,53.58000183105469,53.076900482177734,50382654
2025-08-26,52.790000915527344,54.20000076293945,51.38999938964844,53.29999923706055,52.799530029296875,39086267
2025-08-27,53.29999923706055,55.97999954223633,52.150001525878906,52.27000045776367,51.77920150756836,47435570
2025-08-28,51.599998474121094,57.380001068115234,51.599998474121094,56.93000030517578,56.395442962646484,53691757
2025-08-29,57.0,60.54999923706055,55.59000015258789,59.79999923706055,59.238494873046875,45779661
2025-09-01,59.400001525878906,59.849998474121094,56.720001220703125,58.4900016784668,57.940799713134766,41679932
2025-09-02,58.5,59.54999923706055,53.0,54.20000076293945,53.691078186035156,43838252
2025-09-03,53.4900016784668,54.16999816894531,52.0099983215332,53.189998626708984,52.69055938720703,32532038
2025-09-04,53.779998779296875,54.720001220703125,47.900001525878906,48.58000183105469,48.12385177612305,49100637
2025-09-05,48.810001373291016,51.54999923706055,48.40999984741211,51.54999923706055,51.06595993041992,40547355
2025-09-08,50.43000030517578,52.18000030517578,49.25,50.27000045776367,49.79798126220703,30049262
2025-09-09,49.81999969482422,51.5,49.25,49.959999084472656,49.49089050292969,20786624
2025-09-10,50.52000045776367,52.470001220703125,49.900001525878906,51.599998474121094,51.1154899597168,34214612
2025-09-11,52.29999923706055,56.7599983215332,52.290000915527344,56.7599983215332,56.2270393371582,40826691
2025-09-12,56.790000915527344,58.0,55.70000076293945,55.75,55.226524353027344,47577804
2025-09-15,55.810001373291016,56.029998779296875,53.959999084472656,54.29999923706055,53.790138244628906,26727485
2025-09-16,54.290000915527344,56.41999816894531,53.560001373291016,53.9900016784668,53.48305130004883,30922481
2025-09-17,53.959999084472656,54.4900016784668,51.84000015258789,53.59000015258789,53.08680725097656,36069059
2025-09-18,53.20000076293945,57.36000061035156,53.0,54.95000076293945,54.43403625488281,46605777
2025-09-19,54.939998626708984,59.43000030517578,54.29999923706055,57.68000030517578,57.13840103149414,51970840
2025-09-22,59.11000061035156,63.45000076293945,57.70000076293945,63.45000076293945,62.854225158691406,48495588
2025-09-23,64.31999969482422,66.63999938964844,60.380001068115234,62.68000030517578,62.091453552246094,59845454
2025-09-24,61.72999954223633,62.0,57.54999923706055,60.220001220703125,59.6545524597168,48391450
2025-09-25,60.130001068115234,60.279998779296875,58.0,59.5,58.941314697265625,30146940
2025-09-26,59.29999923706055,60.11000061035156,55.79999923706055,55.900001525878906,55.375118255615234,40826468
2025-09-29,55.66999816894531,57.27000045776367,55.5,57.150001525878906,56.613380432128906,32340095
2025-09-30,57.599998474121094,58.13999938964844,55.560001373291016,56.06999969482422,55.54351806640625,29672117
2025-10-09,56.560001373291016,59.13999938964844,56.029998779296875,56.11000061035156,55.58314514160156,36909704
2025-10-10,55.4900016784668,56.25,54.0,54.150001525878906,53.64154815673828,23673044
2025-10-13,49.689998626708984,52.43000030517578,49.689998626708984,51.31999969482422,50.83811950683594,34807172
2025-10-14,52.310001373291016,52.400001525878906,47.150001525878906,47.47999954223633,47.034175872802734,48760358
2025-10-15,47.459999084472656,49.34000015258789,46.900001525878906,49.16999816894531,48.70830535888672,28486176
2025-10-16,48.97999954223633,49.56999969482422,48.5,48.880001068115234,48.4210319519043,17921114
2025-10-17,48.68000030517578,48.77000045776367,46.599998474121094,46.75,46.311031341552734,22555833
2025-10-20,47.33000183105469,49.29999923706055,47.33000183105469,48.209999084472656,47.757320404052734,22453605
2025-10-21,49.65999984741211,52.0,48.81999969482422,51.959999084472656,51.472110748291016,42142270
2025-10-22,51.0,52.779998779296875,50.66999816894531,52.04999923706055,51.56126403808594,24890508
2025-10-23,51.31999969482422,51.880001068115234,49.349998474121094,50.029998779296875,49.56023406982422,25228967
2025-10-24,51.0,53.029998779296875,50.7599983215332,52.84000015258789,52.343849182128906,31890717
2025-10-27,53.70000076293945,56.630001068115234,53.25,56.470001220703125,55.93976593017578,50864613
2025-10-28,55.5,60.0,55.060001373291016,57.900001525878906,57.35633850097656,54915804
2025-10-29,59.04999923706055,60.34000015258789,57.43000030517578,58.54999923706055,58.0002326965332,42942103
2025-10-30,58.0,59.02000045776367,56.720001220703125,58.13999938964844,57.59408187866211,36527048
2025-10-31,55.20000076293945,56.0099983215332,52.54999923706055,52.54999923706055,52.05657196044922,51932754
2025-11-03,52.33000183105469,52.58000183105469,50.099998474121094,52.16999816894531,51.680137634277344,31028865
2025-11-04,52.5099983215332,53.779998779296875,51.380001068115234,51.79999923706055,51.31361389160156,25742657
2025-11-05,50.099998474121094,51.650001525878906,49.68000030517578,51.09000015258789,50.61027908325195,23406534
2025-11-06,51.5,52.58000183105469,50.400001525878906,52.04999923706055,51.56126403808594,31828439
2025-11-07,51.060001373291016,51.33000183105469,49.58000183105469,50.20000076293945,49.7286376953125,26873154
2025-11-10,50.58000183105469,50.79999923706055,48.310001373291016,49.11000061035156,48.64887237548828,26296086
2025-11-11,49.75,49.810001373291016,47.65999984741211,47.91999816894531,47.47004318237305,21414613
2025-11-12,47.650001525878906,48.060001373291016,46.22999954223633,46.79999923706055,46.36056137084961,28580478
2025-11-13,46.86000061035156,46.95000076293945,46.02000045776367,46.68000030517578,46.2416877746582,22352162
2025-11-14,46.0099983215332,46.02000045776367,44.58000183105469,44.58000183105469,44.161407470703125,30569239
2025-11-17,44.56999969482422,45.54999923706055,44.189998626708984,44.38999938964844,43.97319030761719,23476622
2025-11-18,44.08000183105469,45.279998779296875,43.77000045776367,44.5099983215332,44.092063903808594,21446358
2025-11-19,44.310001373291016,44.7599983215332,43.79999923706055,44.20000076293945,43.784976959228516,14413684
2025-11-20,45.29999923706055,45.470001220703125,43.810001373291016,43.810001373291016,43.39863967895508,17938517
2025-11-21,42.84000015258789,43.790000915527344,42.279998779296875,42.310001373291016,41.912723541259766,23544151
2025-11-24,42.56999969482422,43.779998779296875,42.209999084472656,42.77000045776367,42.368404388427734,25372429
2025-11-25,43.2599983215332,45.9900016784668,43.2599983215332,45.150001525878906,44.72605514526367,41558478
2025-11-26,44.70000076293945,45.9900016784668,44.33000183105469,45.11000061035156,44.686431884765625,31817670
2025-11-27,44.869998931884766,46.58000183105469,44.81999969482422,44.869998931884766,44.44868469238281,27331509
2025-11-28,44.54999923706055,45.34000015258789,44.369998931884766,45.130001068115234,44.70624542236328,17107808
2025-12-01,45.119998931884766,49.63999938964844,44.540000915527344,49.63999938964844,49.173892974853516,64050276
2025-12-02,50.529998779296875,51.869998931884766,49.79999923706055,50.25,49.778167724609375,69098236
2025-12-03,50.2599983215332,50.7599983215332,48.599998474121094,48.900001525878906,48.44084548950195,38942015
2025-12-04,48.52000045776367,49.43000030517578,47.599998474121094,48.529998779296875,48.074317932128906,27456624
2025-12-05,48.529998779296875,49.06999969482422,47.79999923706055,48.65999984741211,48.20309829711914,28479388
2025-12-08,48.5,50.279998779296875,48.029998779296875,49.790000915527344,49.322486877441406,38861041
2025-12-09,49.599998474121094,53.5,49.4900016784668,52.79999923706055,52.304222106933594,58616640
2025-12-10,52.0,52.13999938964844,50.0,51.54999923706055,51.06595993041992,35625285
2025-12-11,51.290000915527344,53.0,50.650001525878906,50.75,50.27347183227539,32135740
2025-12-12,50.38999938964844,50.63999938964844,48.400001525878906,49.779998779296875,49.31258010864258,38060715
2025-12-15,48.880001068115234,48.88999938964844,47.40999984741211,47.88999938964844,47.44032669067383,32421903
2025-12-16,47.790000915527344,49.40999984741211,47.63999938964844,48.63999938964844,48.183284759521484,32965479
2025-12-17,48.630001068115234,51.5,48.220001220703125,51.25,50.76877975463867,35976534
2025-12-18,50.310001373291016,50.95000076293945,49.29999923706055,49.36000061035156,48.89652633666992,24695149
2025-12-19,49.97999954223633,50.150001525878906,48.61000061035156,48.619998931884766,48.16347122192383,18884376
2025-12-22,49.18000030517578,51.20000076293945,49.06999969482422,50.650001525878906,50.17441177368164,33968692
2025-12-23,50.5,51.36000061035156,50.20000076293945,50.5099983215332,50.03572463989258,23001142
2025-12-24,51.619998931884766,53.869998931884766,50.380001068115234,52.869998931884766,52.373565673828125,46141786
2025-12-25,52.380001068115234,53.0,51.65999984741211,51.93000030517578,51.4423942565918,22143541
2025-12-26,51.599998474121094,52.310001373291016,50.209999084472656,51.040000915527344,50.56074905395508,24577379
2025-12-29,51.040000915527344,52.58000183105469,50.79999923706055,51.349998474121094,50.867835998535156,25147859
2025-12-30,50.959999084472656,52.380001068115234,50.52000045776367,51.209999084472656,50.72915267944336,21088122
2025-12-31,51.29999923706055,52.72999954223633,50.189998626708984,50.58000183105469,50.105072021484375,27408475
2026-01-05,50.7599983215332,52.369998931884766,50.31999969482422,51.849998474121094,51.36314392089844,36606230
2026-01-06,51.83000183105469,54.150001525878906,51.54999923706055,53.15999984741211,52.66084289550781,40992630
2026-01-07,54.5099983215332,55.380001068115234,51.97999954223633,53.77000045776367,53.26511764526367,35611785
2026-01-08,53.65999984741211,54.959999084472656,52.709999084472656,52.849998474121094,52.35375213623047,37961335
2026-01-09,52.279998779296875,54.77000045776367,51.04999923706055,53.41999816894531,52.918399810791016,39908879
2026-01-12,53.41999816894531,53.43000030517578,51.439998626708984,51.90999984741211,51.42258071899414,39833217
2026-01-13,51.900001525878906,54.29999923706055,51.619998931884766,52.0,51.51173400878906,38432571
2026-01-14,52.4900016784668,55.459999084472656,52.310001373291016,54.56999969482422,54.0576057434082,52083699
2026-01-15,54.2400016784668,55.20000076293945,52.20000076293945,54.79999923706055,54.28544235229492,41822309
2026-01-16,55.310001373291016,56.599998474121094,54.0,55.45000076293945,54.92934036254883,39763775
2026-01-19,55.0099983215332,55.790000915527344,54.20000076293945,54.779998779296875,54.26563262939453,27590231
2026-01-20,54.79999923706055,55.81999969482422,52.0099983215332,52.540000915527344,52.04666519165039,31864858
2026-01-21,52.099998474121094,55.20000076293945,51.56999969482422,54.5,53.98826217651367,37275840
2026-01-22,55.470001220703125,59.95000076293945,55.099998474121094,59.95000076293945,59.387088775634766,55185469
2026-01-23,60.0,60.900001525878906,58.0,58.290000915527344,57.74267578125,51651155
2026-01-26,57.880001068115234,59.08000183105469,56.560001373291016,57.08000183105469,56.544036865234375,30933043
2026-01-27,57.25,61.900001525878906,56.08000183105469,60.4900016784668,59.922019958496094,48163376
2026-01-28,60.4900016784668,60.619998931884766,59.029998779296875,59.29999923706055,58.74319076538086,32066470
2026-01-29,58.900001525878906,59.5,56.45000076293945,56.70000076293945,56.167606353759766,32650463
2026-01-30,56.20000076293945,58.15999984741211,53.93000030517578,57.06999969482422,56.53413009643555,35344554
2026-02-02,58.0,61.7599983215332,57.11000061035156,58.790000915527344,58.237979888916016,59922586
2026-02-03,60.20000076293945,63.97999954223633,60.060001373291016,63.0,62.408447265625,65929261
2026-02-04,62.459999084472656,63.65999984741211,60.16999816894531,61.7400016784668,61.160282135009766,31290547
2026-02-05,60.810001373291016,61.29999923706055,57.27000045776367,58.02000045776367,57.4752082824707,37915612
2026-02-06,57.0,61.77000045776367,56.11000061035156,58.650001525878906,58.09929656982422,43242269
2026-02-09,58.869998931884766,59.2400016784668,57.06999969482422,58.16999816894531,57.62379837036133,40892583
2026-02-10,58.29999923706055,59.15999984741211,57.79999923706055,58.61000061035156,58.059669494628906,22248744
2026-02-11,58.029998779296875,58.4900016784668,56.58000183105469,56.77000045776367,56.23694610595703,24419938
2026-02-12,56.400001525878906,57.349998474121094,56.209999084472656,56.70000076293945,56.167606353759766,16477199
2026-02-13,56.0099983215332,56.2400016784668,54.65999984741211,54.65999984741211,54.146759033203125,22672783
2026-02-24,55.61000061035156,58.900001525878906,55.5,58.459999084472656,57.911075592041016,36185732
2026-02-25,58.43000030517578,60.459999084472656,58.119998931884766,59.2400016784668,58.68375778198242,26390332
2026-02-26,58.95000076293945,63.29999923706055,58.90999984741211,61.970001220703125,61.38812255859375,44134648
2026-02-27,60.25,61.0,58.7400016784668,58.9900016784668,58.43610382080078,32783928
2026-03-02,57.2599983215332,58.880001068115234,56.849998474121094,57.47999954223633,56.94028091430664,32053766
2026-03-03,57.9900016784668,58.279998779296875,53.5,53.529998779296875,53.027366638183594,37014364
2026-03-04,52.79999923706055,54.59000015258789,52.5,52.65999984741211,52.1655387878418,24166854
2026-03-05,54.0,55.400001525878906,53.29999923706055,54.939998626708984,54.424129486083984,26400107
2026-03-06,54.220001220703125,54.61000061035156,53.099998474121094,53.20000076293945,52.700469970703125,21380342
2026-03-09,50.970001220703125,50.970001220703125,48.380001068115234,50.369998931884766,49.89704132080078,29312249
2026-03-10,51.459999084472656,52.77000045776367,51.2599983215332,52.5,52.007041931152344,20890095
2026-03-11,52.79999923706055,53.81999969482422,52.5,53.119998931884766,52.621219635009766,20865855
2026-03-12,52.529998779296875,53.849998474121094,51.81999969482422,52.33000183105469,51.83863830566406,17820719
2026-03-13,50.68000030517578,52.33000183105469,49.97999954223633,51.130001068115234,50.649906158447266,35901905
2026-03-16,50.88999938964844,54.88999938964844,50.36000061035156,53.849998474121094,53.344364166259766,39525890
2026-03-17,54.5,54.970001220703125,51.47999954223633,51.5,51.01642990112305,29244011
2026-03-18,52.709999084472656,55.470001220703125,51.810001373291016,54.900001525878906,54.38450622558594,48647062
2026-03-19,53.5,54.540000915527344,52.900001525878906,53.25,52.75,28119114
2026-03-20,53.79999923706055,54.63999938964844,52.0,52.029998779296875,51.54145431518555,29832642
2026-03-23,50.65999984741211,51.189998626708984,49.0,49.130001068115234,48.66868591308594,25255782
2026-03-24,50.0,50.20000076293945,48.130001068115234,49.9900016784668,49.52061080932617,17948637
2026-03-25,50.5,52.16999816894531,50.15999984741211,51.369998931884766,50.88764953613281,22559161
2026-03-26,51.0,52.38999938964844,50.20000076293945,50.45000076293945,49.97629165649414,18334861
2026-03-27,49.5,51.29999923706055,48.7599983215332,50.18000030517578,49.708824157714844,18647943
2026-03-30,48.709999084472656,50.810001373291016,48.0,50.650001525878906,50.17441177368164,24570279
2026-03-31,50.650001525878906,54.560001373291016,49.869998931884766,52.16999816894531,51.680137634277344,43036663
2026-04-01,54.25,54.349998474121094,53.040000915527344,53.61000061035156,53.10661697387695,30206547
2026-04-02,53.58000183105469,53.97999954223633,50.619998931884766,50.95000076293945,50.471595764160156,26067250
2026-04-03,51.52000045776367,52.59000015258789,50.70000076293945,50.869998931884766,50.3923454284668,21169017
2026-04-07,51.5,52.279998779296875,50.0099983215332,50.93000030517578,50.4517822265625,18191922
2026-04-08,52.38999938964844,54.790000915527344,52.36000061035156,54.66999816894531,54.15666198730469,38190423
2026-04-09,53.79999923706055,55.9900016784668,53.599998474121094,55.599998474121094,55.07793045043945,35329024
2026-04-10,56.0099983215332,57.38999938964844,55.060001373291016,56.29999923706055,55.771358489990234,35426578
2026-04-13,56.150001525878906,58.209999084472656,55.63999938964844,57.900001525878906,57.35633850097656,38798043
2026-04-14,59.04999923706055,61.970001220703125,59.0099983215332,60.33000183105469,59.76352310180664,51677948
2026-04-15,60.54999923706055,61.9900016784668,59.13999938964844,59.41999816894531,58.862060546875,42385208
2026-04-16,59.400001525878906,62.529998779296875,59.18000030517578,61.0,60.42722702026367,39148286
2026-04-17,60.95000076293945,62.18000030517578,60.2400016784668,62.119998931884766,61.536712646484375,39226002
2026-04-20,62.0,66.94999694824219,61.5,65.87000274658203,65.25150299072266,51986539
2026-04-21,65.87000274658203,70.80000305175781,65.06999969482422,69.25,68.59976196289062,46580613
2026-04-22,69.27999877929688,76.18000030517578,69.25,76.18000030517578,75.46469116210938,48598250
2026-04-23,77.43000030517578,78.66000366210938,74.55000305175781,75.41999816894531,74.71183013916016,67874771
2026-04-24,74.88999938964844,76.20999908447266,70.19999694824219,71.58999633789062,70.91778564453125,51999938
2026-04-27,72.7300033569336,77.7300033569336,72.0,77.18000030517578,76.45530700683594,52592462
2026-04-28,77.48999786376953,78.01000213623047,73.7699966430664,74.62000274658203,73.91934204101562,32433187
2026-04-29,73.47000122070312,75.12999725341797,72.33000183105469,72.81999969482422,72.13623809814453,31284126
2026-04-30,72.81999969482422,74.27999877929688,71.54000091552734,72.05000305175781,71.37347412109375,36879118
2026-05-06,73.0,75.44999694824219,71.68000030517578,75.12999725341797,74.42455291748047,53097469
2026-05-07,75.33000183105469,76.94999694824219,73.0999984741211,75.83000183105469,75.11798095703125,37791607
2026-05-08,74.79000091552734,77.22000122070312,74.12000274658203,75.54000091552734,74.83070373535156,34015884
2026-05-11,76.0,80.91000366210938,75.2699966430664,80.0999984741211,79.34788513183594,53806712
2026-05-12,78.73999786376953,80.30999755859375,75.79000091552734,79.30000305175781,78.5553970336914,36947587
2026-05-13,78.19999694824219,87.2300033569336,78.0,87.2300033569336,86.41094207763672,40178513
2026-05-14,91.5,91.5,84.0999984741211,84.16999816894531,83.37966918945312,36989195
2026-05-15,85.76000213623047,88.5,82.5,85.91000366210938,85.10333251953125,38477703
2026-05-18,84.62000274658203,92.5,81.51000213623047,89.2300033569336,88.39215850830078,37397266
2026-05-19,89.2300033569336,95.44000244140625,86.20999908447266,94.12000274658203,93.23624420166016,37574895
2026-05-20,93.02999877929688,94.9000015258789,87.5999984741211,90.22000122070312,89.37286376953125,36713189
2026-05-21,94.83000183105469,99.23999786376953,93.76000213623047,94.4800033569336,93.59286499023438,52315157
2026-05-22,103.91999816894531,103.93000030517578,103.87999725341797,103.93000030517578,102.95413208007812,14694024
2026-05-25,114.31999969482422,114.31999969482422,112.2699966430664,114.31999969482422,113.24656677246094,20909951
2026-05-26,116.0,122.97000122070312,111.91999816894531,116.0,114.91079711914062,100340311
2026-05-27,110.19999694824219,113.19999694824219,105.18000030517578,105.91000366210938,104.91554260253906,72541910
2026-05-28,106.91999816894531,107.7300033569336,101.5,106.0,105.00469207763672,60538375
2026-05-29,107.98999786376953,112.98999786376953,104.0,105.01000213623047,104.02398681640625,60926759
2026-06-01,111.62000274658203,112.91999816894531,101.98999786376953,103.33999633789062,102.36966705322266,59005389
2026-06-02,103.0,113.66999816894531,100.12999725341797,111.88999938964844,110.83938598632812,72345071
2026-06-03,112.0,113.47000122070312,105.0,108.30000305175781,107.28309631347656,61109212
2026-06-04,106.51000213623047,112.8499984741211,105.05000305175781,111.0,109.9577407836914,52957104
2026-06-05,107.0,112.94000244140625,105.0999984741211,106.1500015258789,105.15328216552734,45926545
2026-06-08,102.0,116.5,102.0,112.0,110.94835662841797,56419297
2026-06-09,112.0,117.33999633789062,107.9800033569336,115.5999984741211,114.5145492553711,57621216
2026-06-10,112.5,114.98999786376953,106.30000305175781,111.05999755859375,110.01718139648438,44280782
2026-06-11,109.37999725341797,113.80000305175781,104.0,106.5,105.5,39085975
2026-06-12,108.11000061035156,109.7699966430664,101.36000061035156,101.5199966430664,101.5199966430664,42549556
2026-06-15,103.44000244140625,105.0,98.61000061035156,104.63999938964844,104.63999938964844,57577994
2026-06-16,104.5,110.5999984741211,103.30000305175781,108.19000244140625,108.19000244140625,50189769
2026-06-17,105.54000091552734,119.01000213623047,105.54000091552734,119.01000213623047,119.01000213623047,64319880
2026-06-18,119.01000213623047,123.0999984741211,113.41999816894531,119.91000366210938,119.91000366210938,60871952
2026-06-22,120.9000015258789,121.98999786376953,108.05999755859375,112.98999786376953,112.98999786376953,83512605
2026-06-23,109.94999694824219,110.94000244140625,102.18000030517578,106.91000366210938,106.91000366210938,78817352
2026-06-24,106.37999725341797,109.02999877929688,103.87999725341797,106.4000015258789,106.4000015258789,49184737
2026-06-25,106.9000015258789,117.0,104.0,114.13999938964844,114.13999938964844,64008346
2026-06-26,112.0,117.0,108.29000091552734,110.9800033569336,110.9800033569336,48781475
2026-06-29,108.66999816894531,109.5,99.87999725341797,101.0,101.0,65531111
2026-06-30,100.98999786376953,107.98999786376953,100.5,105.37999725341797,105.37999725341797,51636244
2026-07-01,106.37999725341797,112.62000274658203,101.0,102.4000015258789,102.4000015258789,46796091
2026-07-02,100.0,100.4000015258789,92.16000366210938,92.5199966430664,92.5199966430664,57054659
2026-07-03,92.5199966430664,98.5,92.0,96.7699966430664,96.7699966430664,41817304
2026-07-06,95.63999938964844,98.68000030517578,90.9000015258789,95.29000091552734,95.29000091552734,37521425
2026-07-07,94.4800033569336,97.4000015258789,91.0,92.43000030517578,92.43000030517578,26797443
2026-07-08,93.44000244140625,94.86000061035156,89.5,91.29000091552734,91.29000091552734,26774568
2026-07-09,93.61000061035156,95.86000061035156,88.3499984741211,95.37999725341797,95.37999725341797,38443556
2026-07-10,97.98999786376953,100.9000015258789,96.30999755859375,98.47000122070312,98.47000122070312,54221404
2026-07-13,97.62999725341797,102.37999725341797,95.44999694824219,96.30000305175781,96.30000305175781,44917634
2026-07-14,97.4000015258789,105.93000030517578,97.4000015258789,105.23999786376953,105.23999786376953,63848841
2026-07-15,105.23999786376953,106.18000030517578,100.13999938964844,103.02999877929688,103.02999877929688,42724823
2026-07-16,99.94999694824219,107.88999938964844,99.0999984741211,103.08999633789062,103.08999633789062,40457939
2026-07-17,101.08999633789062,101.23999786376953,92.77999877929688,93.88999938964844,93.88999938964844,40721989
2026-07-20,95.97000122070312,98.0,86.9000015258789,90.88999938964844,90.88999938964844,39287810
2026-07-21,91.79000091552734,96.37999725341797,81.80000305175781,95.5999984741211,95.5999984741211,36453329
2026-07-22,95.0,98.5999984741211,89.91000366210938,91.41000366210938,91.41000366210938,23812696
2026-07-23,93.2300033569336,96.0,87.0,87.61000061035156,87.61000061035156,32292740
2026-07-24,86.86000061035156,91.38999938964844,84.9800033569336,88.38999938964844,88.38999938964844,23467020
2026-07-27,88.0,93.66000366210938,87.36000061035156,93.29000091552734,93.29000091552734,22740082
2026-07-28,90.30000305175781,91.20999908447266,83.95999908447266,83.95999908447266,83.95999908447266,27829716
2026-07-29,81.70999908447266,86.0,79.52999877929688,84.5,84.5,32915576
2026-07-30,83.30000305175781,84.37000274658203,76.05000305175781,76.05000305175781,76.05000305175781,33908236
2026-07-31,82.0,83.63999938964844,80.81999969482422,81.5,81.5,27598573
2026-08-03,80.30999755859375,82.66000366210938,79.30000305175781,80.91000366210938,80.91000366210938,18073583
2026-08-04,82.88999938964844,89.0,81.5,89.0,89.0,28794304
2026-08-05,88.11000061035156,94.19999694824219,86.1500015258789,91.12999725341797,91.12999725341797,36327701
2026-08-06,89.0,96.16999816894531,88.02999877929688,93.8499984741211,93.8499984741211,29192814
2026-08-07,94.94999694824219,103.23999786376953,94.94999694824219,101.41000366210938,101.41000366210938,39474700
2026-08-10,101.0,102.0,96.4800033569336,98.5199966430664,98.5199966430664,27744812
2026-08-11,96.87999725341797,99.4000015258789,95.52999877929688,96.66999816894531,96.66999816894531,19764307
2026-08-12,98.31999969482422,104.0999984741211,97.7699966430664,101.0,101.0,34007398
2026-08-13,102.5,104.11000061035156,95.38999938964844,95.72000122070312,95.72000122070312,39314391
2026-08-14,96.44999694824219,96.69999694824219,94.18000030517578,95.36000061035156,95.36000061035156,25307814
