Date,Open,High,Low,Close,Adj Close,Volume
2021-08-16,60.83250045776367,60.864749908447266,57.26750183105469,58.6775016784668,58.6775016784668,15022800
2021-08-17,58.5,58.567501068115234,56.8125,58.20000076293945,58.20000076293945,12365600
2021-08-18,58.368751525878906,59.375,57.557498931884766,58.44499969482422,58.44499969482422,8112000
2021-08-19,57.993751525878906,59.29999923706055,57.755001068115234,58.7400016784668,58.7400016784668,8308400
2021-08-20,59.1349983215332,59.65999984741211,58.330501556396484,59.470001220703125,59.470001220703125,6963600
2021-08-23,60.525001525878906,61.70249938964844,59.82775115966797,61.45000076293945,61.45000076293945,10683600
2021-08-24,65.14250183105469,67.41999816894531,64.6050033569336,66.40750122070312,66.40750122070312,44244800
2021-08-25,66.75749969482422,68.9375,66.29750061035156,67.5,67.5,58996400
2021-08-26,67.3949966430664,70.45249938964844,67.09750366210938,69.69249725341797,69.69249725341797,27120400
2021-08-27,69.8862533569336,71.44000244140625,69.4375,70.57749938964844,70.57749938964844,16165600
2021-08-30,71.32749938964844,72.30999755859375,70.125,71.59249877929688,71.59249877929688,19091600
2021-08-31,70.49749755859375,71.5999984741211,69.59375,70.25,70.25,34486800
2021-09-01,68.30500030517578,71.36250305175781,67.32099914550781,67.49250030517578,67.49250030517578,46969200
2021-09-02,68.0625,68.79499816894531,67.34500122070312,68.1675033569336,68.1675033569336,16729600
2021-09-03,68.14749908447266,69.70999908447266,67.80000305175781,69.55750274658203,69.55750274658203,13877200
2021-09-07,69.84249877929688,69.94999694824219,67.0772476196289,67.41999816894531,67.41999816894531,17869600
2021-09-08,67.55750274658203,67.6449966430664,65.91500091552734,66.30750274658203,66.30750274658203,12178800
2021-09-09,66.25250244140625,67.4625015258789,66.13249969482422,66.29000091552734,66.29000091552734,11888800
2021-09-10,67.01750183105469,67.42500305175781,65.14250183105469,65.5,65.5,12162800
2021-09-13,64.68000030517578,64.92250061035156,62.095001220703125,63.50749969482422,63.50749969482422,19813600
2021-09-14,64.01000213623047,64.76325225830078,63.45750045776367,64.32499694824219,64.32499694824219,9849200
2021-09-15,64.47250366210938,64.99500274658203,63.59000015258789,64.89250183105469,64.89250183105469,9358000
2021-09-16,65.05750274658203,66.26499938964844,64.26249694824219,66.18499755859375,66.18499755859375,9131200
2021-09-17,66.5824966430664,66.68000030517578,64.89250183105469,65.77249908447266,65.77249908447266,18426400
2021-09-20,63.587501525878906,65.40499877929688,63.282501220703125,64.38999938964844,64.38999938964844,11468000
2021-09-21,63.662498474121094,64.89749908447266,63.127498626708984,63.52750015258789,63.52750015258789,17172400
2021-09-22,63.22249984741211,65.26750183105469,62.63750076293945,64.96499633789062,64.96499633789062,9545200
2021-09-23,65.62249755859375,66.07250213623047,64.98249816894531,65.57250213623047,65.57250213623047,7642400
2021-09-24,65.51249694824219,65.51249694824219,63.54249954223633,65.4375,65.4375,8157600
2021-09-27,64.82499694824219,65.22250366210938,62.57500076293945,63.334999084472656,63.334999084472656,14333600
2021-09-28,62.26250076293945,62.45750045776367,60.07749938964844,60.46500015258789,60.46500015258789,15270800
2021-09-29,60.92499923706055,62.08000183105469,59.64250183105469,59.89250183105469,59.89250183105469,11346000
2021-09-30,60.220001220703125,61.9275016784668,60.067501068115234,61.44499969482422,61.44499969482422,10046800
2021-10-01,61.662498474121094,63.154998779296875,60.807498931884766,62.317501068115234,62.317501068115234,10304400
2021-10-04,61.39250183105469,61.814998626708984,58.907501220703125,59.720001220703125,59.720001220703125,12719200
2021-10-05,60.022499084472656,61.525001525878906,59.81924819946289,61.22999954223633,61.22999954223633,8699600
2021-10-06,60.834999084472656,62.90250015258789,60.692501068115234,62.04999923706055,62.04999923706055,8556800
2021-10-07,62.832000732421875,63.44499969482422,62.41749954223633,62.470001220703125,62.470001220703125,7128000
2021-10-08,62.53799819946289,62.74250030517578,60.875,61.25,61.25,7042800
2021-10-11,60.8025016784668,62.1775016784668,60.412498474121094,61.09000015258789,61.09000015258789,4452800
2021-10-12,61.54750061035156,63.57500076293945,60.817501068115234,63.185001373291016,63.185001373291016,9260000
2021-10-13,63.45249938964844,67.94999694824219,63.45249938964844,67.61000061035156,67.61000061035156,21948000
2021-10-14,67.51499938964844,69.22250366210938,67.06999969482422,69.00250244140625,69.00250244140625,19684000
2021-10-15,69.0,69.0,67.57250213623047,68.27749633789062,68.27749633789062,10210800
2021-10-18,68.25,71.42749786376953,67.5250015258789,71.3375015258789,71.3375015258789,13160000
2021-10-19,70.80750274658203,71.32499694824219,69.72250366210938,70.5875015258789,70.5875015258789,9194000
2021-10-20,70.67725372314453,72.10124969482422,69.89250183105469,70.8324966430664,70.8324966430664,7101600
2021-10-21,70.75,71.875,70.50250244140625,71.0250015258789,71.0250015258789,7804400
2021-10-22,71.05750274658203,72.68250274658203,70.08000183105469,70.84750366210938,70.84750366210938,10184000
2021-10-25,71.0,71.33100128173828,69.51499938964844,70.0250015258789,70.0250015258789,8338000
2021-10-26,71.0,74.3499984741211,70.75499725341797,71.7699966430664,71.7699966430664,17573200
2021-10-27,71.96475219726562,72.875,69.55500030517578,69.75,69.75,9276800
2021-10-28,69.5,70.93250274658203,68.26000213623047,70.2925033569336,70.2925033569336,6153200
2021-10-29,70.25,71.125,69.88500213623047,70.44999694824219,70.44999694824219,4956000
2021-11-01,68.88524627685547,68.88524627685547,65.80750274658203,67.2925033569336,67.2925033569336,19608000
2021-11-02,66.6449966430664,67.71749877929688,66.07749938964844,67.02999877929688,67.02999877929688,9954400
2021-11-03,67.4749984741211,67.875,66.45249938964844,67.6624984741211,67.6624984741211,8088400
2021-11-04,68.17749786376953,70.04499816894531,67.7300033569336,69.90499877929688,69.90499877929688,8789600
2021-11-05,70.25,70.92250061035156,67.55999755859375,68.35749816894531,68.35749816894531,9130000
2021-11-08,68.57250213623047,71.10375213623047,68.0425033569336,70.73249816894531,70.73249816894531,9019600
2021-11-09,71.41899871826172,73.94249725341797,70.40750122070312,73.29499816894531,73.29499816894531,12702000
2021-11-10,72.74749755859375,74.62000274658203,69.69625091552734,70.38999938964844,70.38999938964844,16156000
2021-11-11,71.36000061035156,72.1500015258789,70.18000030517578,70.2300033569336,70.2300033569336,5019200
2021-11-12,70.98999786376953,72.38249969482422,70.37750244140625,71.07499694824219,71.07499694824219,6933200
2021-11-15,67.71499633789062,68.09249877929688,61.9375,63.537498474121094,63.537498474121094,50547600
2021-11-16,63.82749938964844,65.72000122070312,63.497501373291016,65.62750244140625,65.62750244140625,16866800
2021-11-17,66.34750366210938,67.6449966430664,65.59774780273438,67.44499969482422,67.44499969482422,13475200
2021-11-18,67.6050033569336,68.74500274658203,66.13999938964844,66.18000030517578,66.18000030517578,10194800
2021-11-19,67.3499984741211,67.41500091552734,64.22750091552734,64.40750122070312,64.40750122070312,10338800
2021-11-22,63.188751220703125,63.33250045776367,58.775001525878906,59.90999984741211,59.90999984741211,24297200
2021-11-23,57.75,59.192501068115234,56.01250076293945,57.64500045776367,57.64500045776367,29100000
2021-11-24,57.40999984741211,58.01499938964844,55.654998779296875,57.692501068115234,57.692501068115234,12521200
2021-11-26,58.93000030517578,59.07500076293945,56.96500015258789,58.15999984741211,58.15999984741211,8619200
2021-11-29,58.75,58.92124938964844,55.25749969482422,56.14250183105469,56.14250183105469,25586000
2021-11-30,56.70624923706055,57.2599983215332,54.122501373291016,54.28499984741211,54.28499984741211,20211600
2021-12-01,55.172000885009766,56.400001525878906,49.79574966430664,50.375,50.375,32288400
2021-12-02,51.993751525878906,53.150001525878906,50.29750061035156,52.337501525878906,52.337501525878906,37364800
2021-12-03,53.209999084472656,53.314998626708984,47.10749816894531,49.26250076293945,49.26250076293945,31360400
2021-12-06,47.51250076293945,49.0,46.4275016784668,48.6775016784668,48.6775016784668,21101600
2021-12-07,50.154998779296875,52.02750015258789,50.154998779296875,51.08000183105469,51.08000183105469,17729600
2021-12-08,51.401248931884766,52.75,50.01250076293945,52.29499816894531,52.29499816894531,15924400
2021-12-09,52.4900016784668,53.349998474121094,49.849998474121094,50.317501068115234,50.317501068115234,13551200
2021-12-10,50.4370002746582,51.375,49.125,49.650001525878906,49.650001525878906,13306800
2021-12-13,49.647499084472656,51.04249954223633,48.58000183105469,49.66999816894531,49.66999816894531,16202400
2021-12-14,49.25199890136719,50.154998779296875,48.0,49.6775016784668,49.6775016784668,15366800
2021-12-15,49.63750076293945,53.04999923706055,48.6875,52.6775016784668,52.6775016784668,17976800
2021-12-16,52.92375183105469,53.0724983215332,49.22999954223633,50.06999969482422,50.06999969482422,16326800
2021-12-17,49.053001403808594,51.712501525878906,48.29999923706055,51.275001525878906,51.275001525878906,21852400
2021-12-20,50.05924987792969,52.4474983215332,50.0,51.5724983215332,51.5724983215332,13956000
2021-12-21,51.83250045776367,52.70249938964844,50.00749969482422,52.57749938964844,52.57749938964844,11497600
2021-12-22,51.369998931884766,52.625,51.07749938964844,51.900001525878906,51.900001525878906,11457600
2021-12-23,51.900001525878906,53.25,51.162498474121094,52.880001068115234,52.880001068115234,10672800
2021-12-27,52.869998931884766,54.27750015258789,52.287498474121094,52.40999984741211,52.40999984741211,10949200
2021-12-28,52.5,52.717498779296875,51.56999969482422,51.807498931884766,51.807498931884766,6074800
2021-12-29,51.67250061035156,51.85749816894531,50.337501525878906,51.717498779296875,51.717498779296875,7702800
2021-12-30,51.75,53.397499084472656,51.5,52.23749923706055,52.23749923706055,7901200
2021-12-31,52.23749923706055,52.244998931884766,51.14250183105469,51.1875,51.1875,6872400
2022-01-03,51.25,51.39374923706055,48.377498626708984,49.58250045776367,49.58250045776367,21246400
2022-01-04,48.97249984741211,49.36125183105469,45.83000183105469,47.29750061035156,47.29750061035156,26013600
2022-01-05,46.25,47.84000015258789,44.747501373291016,44.8224983215332,44.8224983215332,20013600
2022-01-06,45.0625,48.04249954223633,44.0625,46.872501373291016,46.872501373291016,25474400
2022-01-07,46.25,48.317501068115234,46.20249938964844,47.247501373291016,47.247501373291016,14127600
2022-01-10,45.65250015258789,48.29499816894531,43.717498779296875,48.125,48.125,28208000
2022-01-11,47.40250015258789,49.625,47.185001373291016,49.02750015258789,49.02750015258789,14652400
2022-01-12,49.15250015258789,50.16999816894531,46.42499923706055,46.99250030517578,46.99250030517578,24011200
2022-01-13,47.037498474121094,47.122501373291016,43.38249969482422,43.724998474121094,43.724998474121094,30261600
2022-01-14,43.467498779296875,45.375,43.04249954223633,44.17499923706055,44.17499923706055,18698800
2022-01-18,43.182498931884766,45.970001220703125,42.51250076293945,43.212501525878906,43.212501525878906,18930400
2022-01-19,42.9275016784668,45.47174835205078,42.880001068115234,43.9275016784668,43.9275016784668,17754000
2022-01-20,44.33250045776367,45.625,43.3337516784668,43.47249984741211,43.47249984741211,12689200
2022-01-21,42.970001220703125,43.3125,40.77750015258789,41.182498931884766,41.182498931884766,25272400
2022-01-24,39.29375076293945,42.05500030517578,37.505001068115234,41.817501068115234,41.817501068115234,35025200
2022-01-25,41.75,42.23749923706055,39.375,39.647499084472656,39.647499084472656,21112000
2022-01-26,40.564998626708984,42.810001373291016,39.817501068115234,40.23500061035156,40.23500061035156,20196000
2022-01-27,41.040000915527344,41.942501068115234,39.59000015258789,39.95249938964844,39.95249938964844,15563600
2022-01-28,40.150001525878906,42.29249954223633,39.029998779296875,42.224998474121094,42.224998474121094,18070400
2022-01-31,42.67499923706055,45.220001220703125,42.560001373291016,45.15999984741211,45.15999984741211,19759200
2022-02-01,45.502498626708984,45.72850036621094,44.060001373291016,45.537498474121094,45.537498474121094,12028000
2022-02-02,45.75,46.25,43.52000045776367,44.2599983215332,44.2599983215332,14101600
2022-02-03,42.99325180053711,43.95000076293945,42.380001068115234,42.657501220703125,42.657501220703125,12871600
2022-02-04,42.72249984741211,44.65999984741211,42.25,44.3025016784668,44.3025016784668,8322400
2022-02-07,44.20000076293945,45.79750061035156,44.09000015258789,44.709999084472656,44.709999084472656,7954400
2022-02-08,43.994998931884766,46.029998779296875,43.95750045776367,44.724998474121094,44.724998474121094,15286400
2022-02-09,45.525001525878906,46.75,45.252498626708984,46.724998474121094,46.724998474121094,10286000
2022-02-10,45.557498931884766,48.369998931884766,45.55500030517578,46.970001220703125,46.970001220703125,13861200
2022-02-11,47.122501373291016,47.8125,44.65250015258789,45.46500015258789,45.46500015258789,13074800
2022-02-14,45.015750885009766,46.654998779296875,44.977500915527344,45.150001525878906,45.150001525878906,10595600
2022-02-15,46.27574920654297,47.375,45.602500915527344,47.32500076293945,47.32500076293945,9884000
2022-02-16,46.558998107910156,46.65299987792969,45.084999084472656,45.81999969482422,45.81999969482422,11019600
2022-02-17,45.46500015258789,45.470001220703125,42.2400016784668,42.462501525878906,42.462501525878906,14577600
2022-02-18,42.26499938964844,42.744998931884766,41.029998779296875,41.23249816894531,41.23249816894531,13380400
2022-02-22,40.375,42.720001220703125,40.3692512512207,41.6775016784668,41.6775016784668,13124800
2022-02-23,42.653751373291016,42.900001525878906,40.409000396728516,40.45750045776367,40.45750045776367,14637600
2022-02-24,38.375,46.08250045776367,38.375,45.720001220703125,45.720001220703125,38298800
2022-02-25,45.627498626708984,45.92499923706055,43.564998626708984,45.4375,45.4375,21910800
2022-02-28,46.837501525878906,49.3125,46.682498931884766,48.8025016784668,48.8025016784668,33342800
2022-03-01,50.33250045776367,51.41999816894531,48.9635009765625,49.40999984741211,49.40999984741211,27459200
2022-03-02,49.650001525878906,50.842498779296875,47.567501068115234,50.4375,50.4375,17182800
2022-03-03,50.0,51.20000076293945,47.27000045776367,47.755001068115234,47.755001068115234,20631200
2022-03-04,48.439998626708984,48.46500015258789,44.31999969482422,44.75749969482422,44.75749969482422,18886800
2022-03-07,45.247501373291016,45.6150016784668,41.397499084472656,41.849998474121094,41.849998474121094,20489600
2022-03-08,41.25,41.252498626708984,38.84000015258789,39.192501068115234,39.192501068115234,26687200
2022-03-09,40.32749938964844,42.77000045776367,39.41749954223633,42.4474983215332,42.4474983215332,37148800
2022-03-10,46.974998474121094,49.66749954223633,45.63750076293945,47.755001068115234,47.755001068115234,96541600
2022-03-11,47.779998779296875,49.25,47.375,47.6349983215332,47.6349983215332,31932400
2022-03-14,47.002498626708984,47.97999954223633,44.5,45.779998779296875,45.779998779296875,23422000
2022-03-15,45.875,47.2599983215332,44.540000915527344,47.15999984741211,47.15999984741211,20344000
2022-03-16,47.897499084472656,49.45500183105469,45.31999969482422,47.415000915527344,47.415000915527344,30955600
2022-03-17,47.31999969482422,51.27750015258789,46.630001068115234,51.032501220703125,51.032501220703125,26094000
2022-03-18,50.400001525878906,52.41875076293945,50.1875,52.01499938964844,52.01499938964844,26416400
2022-03-21,50.75,51.372501373291016,48.875,51.032501220703125,51.032501220703125,25228400
2022-03-22,51.04999923706055,54.9375,51.002498626708984,54.26499938964844,54.26499938964844,25567600
2022-03-23,53.311248779296875,55.994998931884766,52.64125061035156,54.869998931884766,54.869998931884766,18499600
2022-03-24,55.0,55.872501373291016,53.79999923706055,55.849998474121094,55.849998474121094,12221200
2022-03-25,56.25,56.4375,54.17499923706055,55.48749923706055,55.48749923706055,11226800
2022-03-28,55.037498474121094,56.4375,54.227500915527344,55.529998779296875,55.529998779296875,10764800
2022-03-29,56.11249923706055,56.36000061035156,53.38750076293945,55.752498626708984,55.752498626708984,17199600
2022-03-30,55.185001373291016,57.875,54.595001220703125,56.2400016784668,56.2400016784668,18206400
2022-03-31,56.26250076293945,58.087501525878906,55.75749969482422,56.77000045776367,56.77000045776367,16580800
2022-04-01,56.32500076293945,58.21500015258789,56.13249969482422,56.962501525878906,56.962501525878906,15636800
2022-04-04,57.0,57.51750183105469,56.400001525878906,57.25749969482422,57.25749969482422,12022000
2022-04-05,57.497501373291016,57.592498779296875,54.471248626708984,54.9900016784668,54.9900016784668,14261200
2022-04-06,53.133750915527344,53.897499084472656,51.79999923706055,52.80500030517578,52.80500030517578,17562000
2022-04-07,52.69499969482422,55.375,52.56999969482422,54.25749969482422,54.25749969482422,14176400
2022-04-08,55.375,56.92499923706055,53.79999923706055,54.5525016784668,54.5525016784668,26921600
2022-04-11,53.442501068115234,54.997501373291016,52.11000061035156,54.150001525878906,54.150001525878906,12635600
2022-04-12,56.837501525878906,59.04475021362305,55.58250045776367,55.877498626708984,55.877498626708984,34805600
2022-04-13,56.02750015258789,60.5,55.9375,59.96500015258789,59.96500015258789,32478800
2022-04-14,59.505001068115234,59.88750076293945,58.76499938964844,58.80500030517578,58.80500030517578,17425600
2022-04-18,58.5,58.625,55.540000915527344,56.247501373291016,56.247501373291016,14405200
2022-04-19,56.247501373291016,57.689998626708984,55.57500076293945,57.165000915527344,57.165000915527344,10841600
2022-04-20,57.33000183105469,58.0,54.375,55.622501373291016,55.622501373291016,13689600
2022-04-21,55.95249938964844,56.79999923706055,51.95500183105469,52.462501525878906,52.462501525878906,12722800
2022-04-22,52.25,53.5412483215332,50.91999816894531,51.404998779296875,51.404998779296875,11267200
2022-04-25,50.709999084472656,54.125,50.505001068115234,53.64500045776367,53.64500045776367,12071200
2022-04-26,52.935001373291016,53.212501525878906,50.26750183105469,50.349998474121094,50.349998474121094,13348000
2022-04-27,50.022499084472656,51.7400016784668,49.53499984741211,50.26499938964844,50.26499938964844,10423600
2022-04-28,50.70249938964844,52.49250030517578,49.64250183105469,51.76499938964844,51.76499938964844,10404800
2022-04-29,51.65250015258789,53.04750061035156,49.45000076293945,49.689998626708984,49.689998626708984,11754800
2022-05-02,49.625,51.125,49.14250183105469,50.912498474121094,50.912498474121094,9114400
2022-05-03,50.912498474121094,51.95750045776367,48.77750015258789,49.849998474121094,49.849998474121094,13354400
2022-05-04,50.09000015258789,50.17499923706055,45.34749984741211,50.09749984741211,50.09749984741211,24749200
2022-05-05,49.755001068115234,49.7599983215332,44.293251037597656,45.244998931884766,45.244998931884766,19947600
2022-05-06,44.6662483215332,44.72249984741211,40.185001373291016,41.20249938964844,41.20249938964844,33142400
2022-05-09,39.752498626708984,40.150001525878906,35.51499938964844,35.92250061035156,35.92250061035156,37101600
2022-05-10,37.66749954223633,38.567501068115234,34.9275016784668,37.970001220703125,37.970001220703125,29572400
2022-05-11,37.08100128173828,38.186248779296875,34.20500183105469,34.349998474121094,34.349998474121094,25913200
2022-05-12,33.54999923706055,36.25,32.5,34.95249938964844,34.95249938964844,23956000
2022-05-13,35.76499938964844,39.43949890136719,35.76499938964844,39.0724983215332,39.0724983215332,24976400
2022-05-16,38.5,39.41999816894531,36.20500183105469,36.59749984741211,36.59749984741211,16463200
2022-05-17,37.83250045776367,38.717498779296875,35.20000076293945,36.817501068115234,36.817501068115234,21264000
2022-05-18,36.04499816894531,37.10499954223633,34.09000015258789,34.625,34.625,23580400
2022-05-19,34.650001525878906,37.1974983215332,34.16999816894531,35.65999984741211,35.65999984741211,18328800
2022-05-20,37.94499969482422,39.17625045776367,35.51250076293945,37.185001373291016,37.185001373291016,32790000
2022-05-23,36.939998626708984,38.49250030517578,36.217498779296875,37.317501068115234,37.317501068115234,17555200
2022-05-24,36.67250061035156,37.095001220703125,34.26250076293945,34.967498779296875,34.967498779296875,16977600
2022-05-25,34.70624923706055,37.20500183105469,34.42499923706055,36.65999984741211,36.65999984741211,18063200
2022-05-26,36.42499923706055,40.0625,36.314998626708984,38.959999084472656,38.959999084472656,22008800
2022-05-27,39.72249984741211,41.84000015258789,39.66749954223633,41.70500183105469,41.70500183105469,18088400
2022-05-31,41.89250183105469,42.63999938964844,39.51250076293945,39.997501373291016,39.997501373291016,23398400
2022-06-01,40.752498626708984,42.0,39.587501525878906,40.36249923706055,40.36249923706055,19908400
2022-06-02,40.25,44.13999938964844,40.247501373291016,43.505001068115234,43.505001068115234,33994800
2022-06-03,41.465999603271484,42.70500183105469,40.17250061035156,40.525001525878906,40.525001525878906,37212800
2022-06-06,41.869998931884766,42.837501525878906,40.6775016784668,42.24250030517578,42.24250030517578,27304000
2022-06-07,41.525001525878906,45.47249984741211,41.46049880981445,44.16999816894531,44.16999816894531,23163600
2022-06-08,44.0,45.11750030517578,43.76250076293945,44.709999084472656,44.709999084472656,11572000
2022-06-09,44.125,44.89500045776367,43.352500915527344,43.38750076293945,43.38750076293945,11658000
2022-06-10,42.03125,42.625,41.27000045776367,42.33000183105469,42.33000183105469,16806800
2022-06-13,39.6775016784668,40.220001220703125,37.657501220703125,38.630001068115234,38.630001068115234,22481200
2022-06-14,39.0,40.5625,38.3849983215332,39.814998626708984,39.814998626708984,13132000
2022-06-15,40.33250045776367,41.875,39.817501068115234,41.087501525878906,41.087501525878906,14540000
2022-06-16,39.2599983215332,40.36249923706055,38.439998626708984,39.3025016784668,39.3025016784668,15107200
2022-06-17,39.625,41.377498626708984,39.48249816894531,40.974998474121094,40.974998474121094,17459200
2022-06-21,41.25,42.712501525878906,40.77000045776367,41.15999984741211,41.15999984741211,18081200
2022-06-22,40.65250015258789,42.91749954223633,40.47425079345703,41.4275016784668,41.4275016784668,11946000
2022-06-23,42.147499084472656,44.150001525878906,41.662498474121094,43.724998474121094,43.724998474121094,17377200
2022-06-24,44.497501373291016,47.16999816894531,44.3224983215332,46.247501373291016,46.247501373291016,24527600
2022-06-27,46.255001068115234,46.40999984741211,44.33250045776367,45.48249816894531,45.48249816894531,11452000
2022-06-28,45.36000061035156,45.98249816894531,42.9275016784668,43.54750061035156,43.54750061035156,12445200
2022-06-29,43.59375,44.46500015258789,42.93000030517578,43.98500061035156,43.98500061035156,8952400
2022-06-30,43.404998779296875,43.70000076293945,40.88750076293945,42.13999938964844,42.13999938964844,16858400
2022-07-01,42.060001373291016,44.907501220703125,41.86750030517578,44.8125,44.8125,14841600
2022-07-05,44.79999923706055,47.24250030517578,43.93000030517578,46.755001068115234,46.755001068115234,25536400
2022-07-06,47.0724983215332,47.67499923706055,45.76750183105469,46.47999954223633,46.47999954223633,12828800
2022-07-07,46.33000183105469,48.20500183105469,46.33000183105469,47.54999923706055,47.54999923706055,13941200
2022-07-08,46.25,48.712501525878906,46.025001525878906,47.595001220703125,47.595001220703125,12572800
2022-07-11,47.0,47.09400177001953,45.26250076293945,46.342498779296875,46.342498779296875,9681200
2022-07-12,46.724998474121094,47.5525016784668,43.224998474121094,43.59749984741211,43.59749984741211,16498000
2022-07-13,42.494998931884766,44.685001373291016,42.08449935913086,43.74250030517578,43.74250030517578,11796800
2022-07-14,43.084999084472656,43.66749954223633,41.912498474121094,43.1875,43.1875,11882000
2022-07-15,43.51750183105469,44.80500030517578,42.782501220703125,44.474998474121094,44.474998474121094,11713200
2022-07-18,45.880001068115234,45.880001068115234,44.1775016784668,44.3125,44.3125,10762000
2022-07-19,45.087501525878906,45.1775016784668,43.625,45.13750076293945,45.13750076293945,10240000
2022-07-20,45.744998931884766,46.8849983215332,45.25749969482422,46.07500076293945,46.07500076293945,12326800
2022-07-21,45.88750076293945,47.310001373291016,45.40250015258789,47.25,47.25,10027600
2022-07-22,47.5,48.47999954223633,45.25,45.88249969482422,45.88249969482422,11206400
2022-07-25,45.70000076293945,46.01874923706055,44.60749816894531,45.654998779296875,45.654998779296875,6795200
2022-07-26,45.54249954223633,45.65250015258789,42.025001525878906,42.29249954223633,42.29249954223633,14134800
2022-07-27,43.82500076293945,44.67625045776367,42.875,44.2400016784668,44.2400016784668,11299600
2022-07-28,44.19499969482422,45.63750076293945,43.6875,45.522499084472656,45.522499084472656,10992400
2022-07-29,45.727500915527344,46.0,44.51499938964844,45.900001525878906,45.900001525878906,10540400
2022-08-01,45.19499969482422,46.912498474121094,44.747501373291016,45.82500076293945,45.82500076293945,9689600
2022-08-02,45.130001068115234,47.40999984741211,44.880001068115234,47.03499984741211,47.03499984741211,11085200
2022-08-03,47.76750183105469,49.28499984741211,47.70000076293945,48.83000183105469,48.83000183105469,12540400
2022-08-04,47.82749938964844,48.0,45.61249923706055,47.310001373291016,47.310001373291016,20145200
2022-08-05,46.5,48.15250015258789,46.20500183105469,47.79249954223633,47.79249954223633,11004000
2022-08-08,48.42250061035156,49.369998931884766,47.227500915527344,47.380001068115234,47.380001068115234,12755200
2022-08-09,47.040000915527344,47.5,46.20500183105469,46.69499969482422,46.69499969482422,7286000
2022-08-10,48.334999084472656,50.435001373291016,48.33250045776367,50.20000076293945,50.20000076293945,15605200
2022-08-11,51.0,51.432498931884766,49.01824951171875,49.51499938964844,49.51499938964844,11653200
2022-08-12,50.75,50.75,49.75749969482422,50.217498779296875,50.217498779296875,7068800
2022-08-15,49.814998626708984,50.724998474121094,49.0525016784668,50.45500183105469,50.45500183105469,9752000
2022-08-16,50.0,50.26750183105469,48.94499969482422,50.102500915527344,50.102500915527344,11704800
2022-08-17,49.099998474121094,49.627498626708984,48.567501068115234,49.22249984741211,49.22249984741211,8950400
2022-08-18,48.83250045776367,49.3125,48.45249938964844,48.939998626708984,48.939998626708984,6570400
2022-08-19,48.185001373291016,48.375,47.13750076293945,47.630001068115234,47.630001068115234,8942400
2022-08-22,46.59000015258789,47.162498474121094,46.0,46.470001220703125,46.470001220703125,9882000
2022-08-23,47.8650016784668,48.472251892089844,47.522499084472656,48.09000015258789,48.09000015258789,13640800
2022-08-24,49.04999923706055,49.852500915527344,48.647499084472656,48.654998779296875,48.654998779296875,12892400
2022-08-25,49.82374954223633,50.91749954223633,49.3849983215332,50.73500061035156,50.73500061035156,12169200
2022-08-26,50.65999984741211,50.67499923706055,48.630001068115234,48.63999938964844,48.63999938964844,14334400
2022-08-29,47.751251220703125,49.29750061035156,47.67250061035156,48.01250076293945,48.01250076293945,10828000
2022-08-30,49.08000183105469,49.53499984741211,47.279998779296875,48.32374954223633,48.32374954223633,29146800
2022-08-31,49.3025016784668,49.48500061035156,44.596248626708984,45.65250015258789,45.65250015258789,62945200
2022-09-01,44.61249923706055,45.0,42.27000045776367,43.24250030517578,43.24250030517578,27545200
2022-09-02,43.56999969482422,44.282501220703125,42.727500915527344,43.11249923706055,43.11249923706055,17400000
2022-09-06,43.11249923706055,43.17250061035156,42.154998779296875,42.787498474121094,42.787498474121094,11859200
2022-09-07,42.67250061035156,43.272499084472656,41.70000076293945,42.9900016784668,42.9900016784668,12818800
2022-09-08,42.54249954223633,44.970001220703125,42.290000915527344,44.96875,44.96875,12737200
2022-09-09,45.935001373291016,47.880001068115234,45.9275016784668,47.71500015258789,47.71500015258789,16698800
2022-09-12,47.81999969482422,48.8224983215332,47.8125,48.775001525878906,48.775001525878906,12171600
2022-09-13,46.657501220703125,47.45000076293945,45.75,46.17499923706055,46.17499923706055,15614000
2022-09-14,46.17499923706055,46.372501373291016,45.375,46.02750015258789,46.02750015258789,10806800
2022-09-15,45.45500183105469,46.28499984741211,44.470001220703125,44.71500015258789,44.71500015258789,11040400
2022-09-16,43.537498474121094,43.79999923706055,42.346248626708984,42.752498626708984,42.752498626708984,19808400
2022-09-19,42.55500030517578,43.962501525878906,42.5,43.84749984741211,43.84749984741211,8962000
2022-09-20,43.45000076293945,43.98775100708008,43.154998779296875,43.467498779296875,43.467498779296875,8626400
2022-09-21,43.41749954223633,44.212501525878906,42.310001373291016,42.3125,42.3125,13520400
2022-09-22,41.7599983215332,42.28125,39.91749954223633,40.31999969482422,40.31999969482422,14303200
2022-09-23,39.77000045776367,40.412498474121094,39.26499938964844,40.09749984741211,40.09749984741211,11922000
2022-09-26,39.997501373291016,41.45000076293945,39.783748626708984,39.837501525878906,39.837501525878906,10999600
2022-09-27,40.98749923706055,41.279998779296875,40.040000915527344,40.64500045776367,40.64500045776367,8651600
2022-09-28,41.02750015258789,41.974998474121094,40.64250183105469,41.8125,41.8125,9834000
2022-09-29,40.869998931884766,41.560001373291016,40.22249984741211,41.42499923706055,41.42499923706055,8384800
2022-09-30,41.537498474121094,42.901248931884766,41.150001525878906,41.20249938964844,41.20249938964844,10392000
2022-10-03,41.657501220703125,42.67250061035156,40.97249984741211,42.32749938964844,42.32749938964844,10248800
2022-10-04,43.64500045776367,44.67250061035156,43.25,43.76750183105469,43.76750183105469,11225200
2022-10-05,42.752498626708984,44.584999084472656,42.587501525878906,44.17499923706055,44.17499923706055,8504400
2022-10-06,44.60499954223633,45.459999084472656,44.157501220703125,44.59749984741211,44.59749984741211,10627600
2022-10-07,43.61000061035156,43.80500030517578,42.58250045776367,42.970001220703125,42.970001220703125,10367200
2022-10-10,42.935001373291016,43.1150016784668,40.0724983215332,40.27000045776367,40.27000045776367,14010800
2022-10-11,39.68000030517578,40.125,37.9375,38.9474983215332,38.9474983215332,13704800
2022-10-12,38.58000183105469,38.94499969482422,37.375,38.247501373291016,38.247501373291016,12282000
2022-10-13,36.362998962402344,38.85649871826172,35.59000015258789,38.150001525878906,38.150001525878906,14313200
2022-10-14,38.9375,39.1349983215332,36.45624923706055,36.494998931884766,36.494998931884766,15993200
2022-10-17,37.337501525878906,38.5099983215332,37.0,37.90250015258789,37.90250015258789,12991200
2022-10-18,39.314998626708984,40.375,38.699249267578125,39.220001220703125,39.220001220703125,14843200
2022-10-19,38.852500915527344,39.252498626708984,37.852500915527344,38.1349983215332,38.1349983215332,8131200
2022-10-20,38.025001525878906,39.61225128173828,38.025001525878906,38.470001220703125,38.470001220703125,8371200
2022-10-21,38.122501373291016,39.26250076293945,37.14725112915039,39.08000183105469,39.08000183105469,10774400
2022-10-24,39.52750015258789,39.67499923706055,38.55500030517578,39.49250030517578,39.49250030517578,8219600
2022-10-25,39.80500030517578,41.16749954223633,39.8025016784668,40.52750015258789,40.52750015258789,8500400
2022-10-26,39.51250076293945,41.83974838256836,39.1974983215332,40.442501068115234,40.442501068115234,9435600
2022-10-27,41.1875,42.032501220703125,40.51250076293945,41.182498931884766,41.182498931884766,9143200
2022-10-28,40.63750076293945,41.244998931884766,39.71500015258789,40.912498474121094,40.912498474121094,7490800
2022-10-31,40.404998779296875,41.20249938964844,39.900001525878906,40.29999923706055,40.29999923706055,8760800
2022-11-01,41.25,42.119998931884766,39.8849983215332,40.13249969482422,40.13249969482422,10324000
2022-11-02,40.25,40.29249954223633,36.98500061035156,36.997501373291016,36.997501373291016,17731200
2022-11-03,36.53499984741211,36.53499984741211,34.91749954223633,35.38249969482422,35.38249969482422,16001200
2022-11-04,35.2400016784668,35.29249954223633,31.604999542236328,31.889999389648438,31.889999389648438,32994000
2022-11-07,32.45750045776367,32.474998474121094,30.725000381469727,31.170000076293945,31.170000076293945,21655600
2022-11-08,31.5,32.45750045776367,30.125,31.75,31.75,18299200
2022-11-09,31.137500762939453,31.155000686645508,30.125,30.59000015258789,30.59000015258789,14873600
2022-11-10,33.122501373291016,34.02375030517578,32.66999816894531,33.939998626708984,33.939998626708984,20918000
2022-11-11,34.1875,36.206748962402344,33.834999084472656,35.779998779296875,35.779998779296875,18480800
2022-11-14,35.38750076293945,36.032501220703125,34.5724983215332,35.502498626708984,35.502498626708984,12174800
2022-11-15,37.247501373291016,37.85625076293945,36.50749969482422,37.07500076293945,37.07500076293945,15868400
2022-11-16,36.67625045776367,36.907501220703125,35.523250579833984,35.912498474121094,35.912498474121094,10158000
2022-11-17,34.904998779296875,35.342498779296875,34.467498779296875,34.807498931884766,34.807498931884766,15709600
2022-11-18,36.626251220703125,36.68000030517578,34.29999923706055,34.747501373291016,34.747501373291016,21619600
2022-11-21,34.27750015258789,34.377498626708984,33.595001220703125,33.88999938964844,33.88999938964844,11548800
2022-11-22,33.95500183105469,34.07749938964844,33.119998931884766,33.95000076293945,33.95000076293945,15404800
2022-11-23,33.89500045776367,35.404998779296875,33.459999084472656,35.22249984741211,35.22249984741211,10312400
2022-11-25,34.962501525878906,35.342498779296875,34.630001068115234,35.01250076293945,35.01250076293945,4090000
2022-11-28,34.91999816894531,35.25,34.16524887084961,34.86249923706055,34.86249923706055,13528800
2022-11-29,35.0,35.08000183105469,34.0625,34.5,34.5,42218400
2022-11-30,28.072500228881836,29.452499389648438,27.22249984741211,29.412500381469727,29.412500381469727,154592000
2022-12-01,29.65999984741211,31.22974967956543,29.642499923706055,31.017499923706055,31.017499923706055,57771200
2022-12-02,30.4375,31.387500762939453,30.1825008392334,31.0,31.0,35404000
2022-12-05,30.614999771118164,31.102500915527344,29.17300033569336,29.582500457763672,29.582500457763672,23122800
2022-12-06,29.584999084472656,29.700000762939453,28.247499465942383,28.457500457763672,28.457500457763672,18963600
2022-12-07,28.582500457763672,28.747499465942383,27.58300018310547,28.299999237060547,28.299999237060547,18620800
2022-12-08,28.38249969482422,29.092500686645508,27.9375,28.559999465942383,28.559999465942383,17170400
2022-12-09,28.440000534057617,29.25,28.237499237060547,28.770000457763672,28.770000457763672,12058400
2022-12-12,28.690000534057617,29.645000457763672,28.600000381469727,29.635000228881836,29.635000228881836,12138400
2022-12-13,31.0575008392334,31.3799991607666,29.607500076293945,30.247499465942383,30.247499465942383,17820400
2022-12-14,30.25,30.950000762939453,29.700000762939453,30.142499923706055,30.142499923706055,15744000
2022-12-15,29.725000381469727,30.272499084472656,28.667499542236328,28.747499465942383,28.747499465942383,12948800
2022-12-16,28.500499725341797,28.728750228881836,27.690000534057617,27.875,27.875,20167600
2022-12-19,27.704999923706055,27.821250915527344,26.895000457763672,27.022499084472656,27.022499084472656,16856000
2022-12-20,26.76275062561035,27.620500564575195,26.506750106811523,27.457500457763672,27.457500457763672,13815200
2022-12-21,27.209999084472656,27.280000686645508,26.087499618530273,26.837499618530273,26.837499618530273,27170800
2022-12-22,26.1875,26.417499542236328,25.467750549316406,25.99250030517578,25.99250030517578,17511200
2022-12-23,25.75,25.81999969482422,25.237499237060547,25.497499465942383,25.497499465942383,13300800
2022-12-27,25.267499923706055,25.579999923706055,24.827499389648438,25.165000915527344,25.165000915527344,12407600
2022-12-28,24.899999618530273,25.420000076293945,24.674999237060547,24.989999771118164,24.989999771118164,14128000
2022-12-29,25.357500076293945,26.377500534057617,25.11750030517578,26.142499923706055,26.142499923706055,12571200
2022-12-30,25.875,26.546749114990234,25.747499465942383,26.322500228881836,26.322500228881836,12595600
2023-01-03,26.875,27.114999771118164,25.429250717163086,25.81999969482422,25.81999969482422,13790000
2023-01-04,26.1924991607666,26.72249984741211,25.635000228881836,26.091249465942383,26.091249465942383,12152800
2023-01-05,24.5,24.502500534057617,23.62874984741211,23.72249984741211,23.72249984741211,40006800
2023-01-06,23.596250534057617,23.989999771118164,23.065000534057617,23.68000030517578,23.68000030517578,27089200
2023-01-09,24.260000228881836,24.950000762939453,23.950000762939453,24.142499923706055,24.142499923706055,25726800
2023-01-10,23.68000030517578,24.00749969482422,23.0625,23.917499542236328,23.917499542236328,30820000
2023-01-11,24.229999542236328,24.625,23.719999313354492,24.25,24.25,21000400
2023-01-12,24.264999389648438,24.512500762939453,23.177499771118164,24.4950008392334,24.4950008392334,19219200
2023-01-13,24.107500076293945,24.982500076293945,24.032499313354492,24.88249969482422,24.88249969482422,16841200
2023-01-17,25.100000381469727,26.43975067138672,24.532499313354492,26.107500076293945,26.107500076293945,26614000
2023-01-18,26.666250228881836,26.850000381469727,25.225000381469727,25.25,25.25,20896400
2023-01-19,24.827499389648438,25.447500228881836,24.549999237060547,24.962499618530273,24.962499618530273,18950000
2023-01-20,25.079999923706055,25.940000534057617,24.892499923706055,25.852500915527344,25.852500915527344,16538800
2023-01-23,25.517499923706055,26.587499618530273,25.5,26.575000762939453,26.575000762939453,14615200
2023-01-24,26.78874969482422,27.252500534057617,26.033750534057617,26.149999618530273,26.149999618530273,20328800
2023-01-25,25.43000030517578,25.485000610351562,24.315000534057617,25.204999923706055,25.204999923706055,30584800
2023-01-26,25.657499313354492,26.137500762939453,25.219999313354492,26.11750030517578,26.11750030517578,24278000
2023-01-27,25.90250015258789,26.460250854492188,25.6299991607666,26.087499618530273,26.087499618530273,24382800
2023-01-30,25.7450008392334,25.895000457763672,25.21875,25.342500686645508,25.342500686645508,21072400
2023-01-31,25.25,26.479999542236328,25.184999465942383,26.475000381469727,26.475000381469727,18593200
2023-02-01,26.475000381469727,27.90999984741211,26.274999618530273,27.625,27.625,21574800
2023-02-02,29.397499084472656,29.397499084472656,28.477500915527344,28.982500076293945,28.982500076293945,28503200
2023-02-03,28.11549949645996,29.35300064086914,28.05500030517578,28.389999389648438,28.389999389648438,16076400
2023-02-06,27.84749984741211,28.780000686645508,27.206249237060547,27.354999542236328,27.354999542236328,15458800
2023-02-07,27.43375015258789,28.770000457763672,26.940000534057617,28.647499084472656,28.647499084472656,16461200
2023-02-08,29.582500457763672,29.797500610351562,28.59749984741211,28.6200008392334,28.6200008392334,20848400
2023-02-09,29.260000228881836,29.447500228881836,28.280000686645508,28.354999542236328,28.354999542236328,14563600
2023-02-10,27.975000381469727,28.155000686645508,26.899999618530273,27.239999771118164,27.239999771118164,13846000
2023-02-13,27.5575008392334,28.322500228881836,27.1612491607666,28.042499542236328,28.042499542236328,10682800
2023-02-14,27.985000610351562,29.165000915527344,27.602500915527344,29.077499389648438,29.077499389648438,15724000
2023-02-15,29.177499771118164,30.139999389648438,28.8125,30.1299991607666,30.1299991607666,16794000
2023-02-16,29.46500015258789,29.6825008392334,28.764999389648438,28.780000686645508,28.780000686645508,16876400
2023-02-17,28.482500076293945,28.572500228881836,27.614999771118164,28.5625,28.5625,14853200
2023-02-21,28.0049991607666,28.6872501373291,27.877500534057617,28.107500076293945,28.107500076293945,14483200
2023-02-22,28.604999542236328,29.577499389648438,28.280000686645508,29.407499313354492,29.407499313354492,21040400
2023-02-23,29.922500610351562,30.137500762939453,28.709749221801758,29.360000610351562,29.360000610351562,20244400
2023-02-24,28.94499969482422,29.700000762939453,28.825000762939453,29.31999969482422,29.31999969482422,19202400
2023-02-27,29.658750534057617,30.809999465942383,29.575000762939453,30.162500381469727,30.162500381469727,22007600
2023-02-28,30.049999237060547,30.670000076293945,30.022499084472656,30.172500610351562,30.172500610351562,14015200
2023-03-01,30.0575008392334,30.262500762939453,29.65250015258789,30.052499771118164,30.052499771118164,11073200
2023-03-02,29.75,30.982500076293945,29.677499771118164,30.90999984741211,30.90999984741211,15396000
2023-03-03,30.825000762939453,31.780000686645508,30.424999237060547,31.510000228881836,31.510000228881836,19513200
2023-03-06,32.5,32.54750061035156,31.828750610351562,31.897499084472656,31.897499084472656,30331600
2023-03-07,31.75,32.150001525878906,31.127500534057617,31.232500076293945,31.232500076293945,39109600
2023-03-08,33.220001220703125,33.7400016784668,31.25,32.22999954223633,32.22999954223633,98787600
2023-03-09,32.02750015258789,32.522499084472656,30.3799991607666,30.420000076293945,30.420000076293945,32122400
2023-03-10,29.969999313354492,31.127500534057617,29.537500381469727,29.93000030517578,29.93000030517578,32198000
2023-03-13,29.77750015258789,30.899999618530273,29.5575008392334,30.352500915527344,30.352500915527344,25046800
2023-03-14,31.219999313354492,32.040000915527344,30.717500686645508,32.002498626708984,32.002498626708984,26229200
2023-03-15,31.639999389648438,32.54750061035156,31.63249969482422,32.33000183105469,32.33000183105469,24494800
2023-03-16,32.57500076293945,33.52225112915039,32.38750076293945,33.380001068115234,33.380001068115234,27759600
2023-03-17,33.4375,34.11750030517578,32.96500015258789,33.279998779296875,33.279998779296875,22915600
2023-03-20,33.07749938964844,33.321250915527344,32.55500030517578,33.185001373291016,33.185001373291016,16982800
2023-03-21,32.9375,34.224998474121094,32.817501068115234,34.005001068115234,34.005001068115234,18952000
2023-03-22,33.92499923706055,34.470001220703125,33.3125,33.314998626708984,33.314998626708984,14956400
2023-03-23,33.9900016784668,34.58250045776367,33.282501220703125,33.6349983215332,33.6349983215332,12843200
2023-03-24,33.599998474121094,33.75,32.6974983215332,32.8849983215332,32.8849983215332,10805600
2023-03-27,32.97999954223633,33.31100082397461,32.5724983215332,32.84749984741211,32.84749984741211,10251600
2023-03-28,32.75,32.90999984741211,31.889999389648438,32.15999984741211,32.15999984741211,10778000
2023-03-29,32.77000045776367,32.849998474121094,32.170249938964844,32.400001525878906,32.400001525878906,10783200
2023-03-30,32.782501220703125,33.375,32.48749923706055,32.93000030517578,32.93000030517578,13703200
2023-03-31,33.130001068115234,34.560001373291016,33.02750015258789,34.314998626708984,34.314998626708984,18113600
2023-04-03,33.875,34.397499084472656,33.54249954223633,34.13750076293945,34.13750076293945,11152000
2023-04-04,34.375,34.66749954223633,33.932498931884766,34.21500015258789,34.21500015258789,12183200
2023-04-05,33.842498779296875,33.90250015258789,31.424999237060547,31.950000762939453,31.950000762939453,31183200
2023-04-06,31.5,32.03499984741211,30.925249099731445,31.954999923706055,31.954999923706055,15956800
2023-04-10,31.68000030517578,32.04499816894531,31.137500762939453,32.025001525878906,32.025001525878906,10694400
2023-04-11,31.885000228881836,32.93000030517578,31.8174991607666,32.46500015258789,32.46500015258789,16058800
2023-04-12,33.125,34.290000915527344,32.789249420166016,33.75,33.75,22071200
2023-04-13,34.151248931884766,35.0525016784668,33.93000030517578,34.025001525878906,34.025001525878906,18993600
2023-04-14,33.61249923706055,34.17499923706055,33.46500015258789,33.942501068115234,33.942501068115234,11650000
2023-04-17,34.165000915527344,34.486751556396484,33.6609992980957,34.342498779296875,34.342498779296875,9386000
2023-04-18,34.76250076293945,34.97249984741211,34.03125,34.095001220703125,34.095001220703125,7707600
2023-04-19,33.75,33.92150115966797,33.002498626708984,33.20750045776367,33.20750045776367,11436800
2023-04-20,32.75749969482422,32.97999954223633,32.26750183105469,32.47249984741211,32.47249984741211,9783200
2023-04-21,32.64500045776367,33.185001373291016,32.537498474121094,33.0625,33.0625,7750400
2023-04-24,33.123748779296875,33.432498931884766,32.255001068115234,32.599998474121094,32.599998474121094,8217600
2023-04-25,32.04750061035156,32.11750030517578,30.452499389648438,30.537500381469727,30.537500381469727,24426400
2023-04-26,30.954999923706055,31.47949981689453,30.718000411987305,31.030000686645508,31.030000686645508,10826800
2023-04-27,31.297500610351562,31.875,30.889999389648438,31.512500762939453,31.512500762939453,12389200
2023-04-28,30.799999237060547,30.99250030517578,29.854999542236328,30.012500762939453,30.012500762939453,20764400
2023-05-01,29.639999389648438,29.984500885009766,29.22249984741211,29.697500228881836,29.697500228881836,14897600
2023-05-02,29.725000381469727,29.787500381469727,29.010000228881836,29.184999465942383,29.184999465942383,12309600
2023-05-03,29.114999771118164,29.756999969482422,28.917499542236328,29.417499542236328,29.417499542236328,7634400
2023-05-04,29.59749984741211,30.040000915527344,29.362499237060547,29.469999313354492,29.469999313354492,8520800
2023-05-05,29.8075008392334,30.8075008392334,29.7549991607666,30.612499237060547,30.612499237060547,11990800
2023-05-08,31.5,33.220001220703125,31.350000381469727,33.102500915527344,33.102500915527344,24230800
2023-05-09,33.102500915527344,33.54249954223633,32.290000915527344,32.48500061035156,32.48500061035156,13555600
2023-05-10,33.087501525878906,33.98875045776367,32.75749969482422,33.45000076293945,33.45000076293945,15982400
2023-05-11,33.598751068115234,33.70249938964844,32.817501068115234,33.037498474121094,33.037498474121094,10231200
2023-05-12,33.189998626708984,33.23500061035156,32.3125,32.557498931884766,32.557498931884766,8105600
2023-05-15,32.72249984741211,33.97999954223633,32.602500915527344,33.88750076293945,33.88750076293945,12562400
2023-05-16,33.5,33.90250015258789,33.32500076293945,33.502498626708984,33.502498626708984,7854000
2023-05-17,33.709999084472656,34.772499084472656,33.40250015258789,34.307498931884766,34.307498931884766,12590400
2023-05-18,34.36000061035156,35.4900016784668,34.307498931884766,35.462501525878906,35.462501525878906,15808400
2023-05-19,35.685001373291016,37.084999084472656,35.59749984741211,36.18000030517578,36.18000030517578,24164000
2023-05-22,36.064998626708984,37.13999938964844,35.95500183105469,36.852500915527344,36.852500915527344,13733600
2023-05-23,36.52750015258789,37.157501220703125,35.9474983215332,35.974998474121094,35.974998474121094,12892400
2023-05-24,36.01250076293945,37.369998931884766,35.787498474121094,37.29999923706055,37.29999923706055,19463200
2023-05-25,37.662498474121094,37.782501220703125,36.79750061035156,37.40250015258789,37.40250015258789,14225600
2023-05-26,37.5724983215332,39.54499816894531,37.5,38.529998779296875,38.529998779296875,22600400
2023-05-30,39.8849983215332,40.19499969482422,38.727500915527344,39.647499084472656,39.647499084472656,26862800
2023-05-31,39.70750045776367,40.44874954223633,39.252498626708984,40.032501220703125,40.032501220703125,41110400
2023-06-01,36.68000030517578,39.9474983215332,35.623748779296875,39.38750076293945,39.38750076293945,63368400
2023-06-02,39.665000915527344,39.849998474121094,37.63249969482422,37.83000183105469,37.83000183105469,31955200
2023-06-05,37.76250076293945,38.689998626708984,37.060001373291016,38.52000045776367,38.52000045776367,18722800
2023-06-06,38.44499969482422,38.942501068115234,38.099998474121094,38.2599983215332,38.2599983215332,11577600
2023-06-07,38.6875,38.974998474121094,37.099998474121094,37.307498931884766,37.307498931884766,13968400
2023-06-08,37.279998779296875,37.92250061035156,37.127498626708984,37.82500076293945,37.82500076293945,9106400
2023-06-09,38.38249969482422,38.45750045776367,36.709999084472656,37.38249969482422,37.38249969482422,14194400
2023-06-12,37.55875015258789,37.96500015258789,37.227500915527344,37.77750015258789,37.77750015258789,9784800
2023-06-13,38.26499938964844,38.567501068115234,37.64250183105469,38.27750015258789,38.27750015258789,12583200
2023-06-14,38.287498474121094,38.5,37.66999816894531,38.4900016784668,38.4900016784668,10694800
2023-06-15,38.307498931884766,40.29750061035156,38.05524826049805,39.95249938964844,39.95249938964844,30272000
2023-06-16,40.525001525878906,40.5625,38.70249938964844,38.78499984741211,38.78499984741211,25407600
2023-06-20,38.150001525878906,38.93000030517578,37.564998626708984,38.02000045776367,38.02000045776367,14381600
2023-06-21,37.64500045776367,37.845001220703125,35.817501068115234,35.962501525878906,35.962501525878906,24980800
2023-06-22,35.63999938964844,36.73500061035156,35.375,36.45000076293945,36.45000076293945,13225600
2023-06-23,35.85749816894531,36.23749923706055,35.5525016784668,35.912498474121094,35.912498474121094,11681600
2023-06-26,35.7599983215332,36.29499816894531,35.337501525878906,35.45249938964844,35.45249938964844,8744400
2023-06-27,35.622501373291016,36.26750183105469,35.51750183105469,36.06999969482422,36.06999969482422,10252400
2023-06-28,35.97249984741211,36.505001068115234,35.609500885009766,36.272499084472656,36.272499084472656,9499200
2023-06-29,36.442501068115234,36.622501373291016,35.79249954223633,35.997501373291016,35.997501373291016,9800400
2023-06-30,36.272499084472656,37.33000183105469,36.217498779296875,36.717498779296875,36.717498779296875,12370800
2023-07-03,36.79499816894531,36.88750076293945,36.252498626708984,36.4900016784668,36.4900016784668,5545600
2023-07-05,36.38999938964844,36.817501068115234,36.220001220703125,36.27000045776367,36.27000045776367,12716400
2023-07-06,35.6875,35.928749084472656,34.842498779296875,35.90250015258789,35.90250015258789,15155200
2023-07-07,35.877498626708984,36.70000076293945,35.869998931884766,36.01250076293945,36.01250076293945,9140000
2023-07-10,35.95000076293945,37.494998931884766,35.875,37.48749923706055,37.48749923706055,13807600
2023-07-11,37.6875,38.185001373291016,37.317501068115234,37.6974983215332,37.6974983215332,14082800
2023-07-12,38.29750061035156,38.48249816894531,36.084999084472656,36.532501220703125,36.532501220703125,18389200
2023-07-13,36.994998931884766,38.3849983215332,36.88249969482422,37.6875,37.6875,16178800
2023-07-14,37.61249923706055,38.060001373291016,37.23249816894531,37.349998474121094,37.349998474121094,10639600
2023-07-17,37.26750183105469,38.88999938964844,37.10749816894531,38.182498931884766,38.182498931884766,14750400
2023-07-18,38.25,38.556251525878906,37.685001373291016,38.23749923706055,38.23749923706055,9642800
2023-07-19,38.75,40.375,38.723751068115234,39.40250015258789,39.40250015258789,19150000
2023-07-20,38.73249816894531,39.03499984741211,36.875,37.01750183105469,37.01750183105469,19167600
2023-07-21,37.48249816894531,38.09375,37.220001220703125,37.724998474121094,37.724998474121094,23805200
2023-07-24,37.74250030517578,37.946250915527344,36.787498474121094,37.435001373291016,37.435001373291016,10980400
2023-07-25,37.654998779296875,38.352500915527344,37.6349983215332,37.73500061035156,37.73500061035156,8984800
2023-07-26,37.56999969482422,38.73749923706055,37.11249923706055,38.657501220703125,38.657501220703125,11194400
2023-07-27,39.23749923706055,39.52000045776367,38.04875183105469,38.212501525878906,38.212501525878906,10684000
2023-07-28,38.875,39.2599983215332,38.375,38.900001525878906,38.900001525878906,8012400
2023-07-31,39.47249984741211,40.852500915527344,39.415000915527344,40.415000915527344,40.415000915527344,15659200
2023-08-01,40.25,41.747501373291016,39.755001068115234,41.4900016784668,41.4900016784668,16073600
2023-08-02,40.37825012207031,40.400001525878906,38.13999938964844,38.682498931884766,38.682498931884766,18434400
2023-08-03,38.5,39.625,38.307498931884766,39.38750076293945,39.38750076293945,9828800
2023-08-04,38.807498931884766,38.997501373291016,37.15625,37.622501373291016,37.622501373291016,17876400
2023-08-07,37.814998626708984,38.01250076293945,36.95000076293945,37.74250030517578,37.74250030517578,9319200
2023-08-08,36.79249954223633,36.9275016784668,35.72249984741211,36.470001220703125,36.470001220703125,17134400
2023-08-09,36.27750015258789,36.77750015258789,36.061500549316406,36.3650016784668,36.3650016784668,9980800
2023-08-10,36.837501525878906,37.747501373291016,36.657501220703125,36.96500015258789,36.96500015258789,9399200
2023-08-11,36.80500030517578,37.519500732421875,36.71500015258789,37.05500030517578,37.05500030517578,8184400
2023-08-14,36.837501525878906,38.13750076293945,36.64500045776367,38.092498779296875,38.092498779296875,8920800
2023-08-15,37.630001068115234,37.91999816894531,37.26499938964844,37.407501220703125,37.407501220703125,7859200
2023-08-16,37.25,37.834999084472656,36.939998626708984,37.25,37.25,7504800
2023-08-17,37.25,37.25,35.977500915527344,36.095001220703125,36.095001220703125,13436000
2023-08-18,35.415000915527344,36.82600021362305,35.130001068115234,36.70000076293945,36.70000076293945,12786800
2023-08-21,37.689998626708984,38.779998779296875,37.627498626708984,38.474998474121094,38.474998474121094,16983200
2023-08-22,38.584999084472656,38.75,37.90250015258789,38.08250045776367,38.08250045776367,6830400
2023-08-23,38.369998931884766,38.86000061035156,37.89250183105469,38.45249938964844,38.45249938964844,7674000
2023-08-24,38.88750076293945,38.88750076293945,36.3224983215332,36.36249923706055,36.36249923706055,13417200
2023-08-25,36.5,37.61000061035156,36.17499923706055,37.39500045776367,37.39500045776367,11356400
2023-08-28,36.505001068115234,36.997501373291016,35.59000015258789,36.00749969482422,36.00749969482422,23176000
2023-08-29,35.73249816894531,37.102500915527344,35.49274826049805,36.67499923706055,36.67499923706055,14480800
2023-08-30,36.75,37.54249954223633,36.345001220703125,37.29499816894531,37.29499816894531,24775600
2023-08-31,38.52750015258789,41.102500915527344,38.39500045776367,40.75749969482422,40.75749969482422,54908400
2023-09-01,40.779998779296875,41.5625,40.07749938964844,40.307498931884766,40.307498931884766,16930000
2023-09-05,40.25749969482422,41.397499084472656,40.025001525878906,41.35749816894531,41.35749816894531,13152800
2023-09-06,41.247501373291016,42.057498931884766,41.012001037597656,41.557498931884766,41.557498931884766,17074400
2023-09-07,41.099998474121094,41.98749923706055,40.79999923706055,41.65999984741211,41.65999984741211,12003600
2023-09-08,41.618751525878906,42.307498931884766,41.5,42.022499084472656,42.022499084472656,10766000
2023-09-11,42.375,43.15999984741211,42.16749954223633,43.0724983215332,43.0724983215332,11870800
2023-09-12,42.61000061035156,43.087501525878906,42.068748474121094,42.41999816894531,42.41999816894531,8440000
2023-09-13,42.380001068115234,42.69499969482422,42.08250045776367,42.11750030517578,42.11750030517578,6822000
2023-09-14,42.337501525878906,42.95000076293945,42.14250183105469,42.682498931884766,42.682498931884766,8333600
2023-09-15,41.529998779296875,42.05274963378906,40.86000061035156,41.36249923706055,41.36249923706055,18910400
2023-09-18,41.244998931884766,42.150001525878906,41.0,41.74250030517578,41.74250030517578,9781200
2023-09-19,41.73749923706055,41.904998779296875,40.72249984741211,41.375,41.375,9390800
2023-09-20,41.375,42.14125061035156,40.970001220703125,40.97249984741211,40.97249984741211,11120400
2023-09-21,42.04750061035156,42.75,39.84000015258789,40.63249969482422,40.63249969482422,27168400
2023-09-22,40.65999984741211,41.647499084472656,40.502498626708984,40.64250183105469,40.64250183105469,12537600
2023-09-25,40.474998474121094,40.5,39.8125,39.97999954223633,39.97999954223633,8706800
2023-09-26,39.52750015258789,40.25,39.397499084472656,40.119998931884766,40.119998931884766,9656400
2023-09-27,40.25749969482422,41.17250061035156,40.16749954223633,40.7599983215332,40.7599983215332,10524400
2023-09-28,40.5724983215332,41.53499984741211,40.35749816894531,41.3125,41.3125,7263600
2023-09-29,41.88249969482422,42.37874984741211,41.74250030517578,41.845001220703125,41.845001220703125,10398800
2023-10-02,42.0,43.002498626708984,41.76750183105469,42.3849983215332,42.3849983215332,11052000
2023-10-03,41.82749938964844,42.25,40.21500015258789,40.50749969482422,40.50749969482422,13016400
2023-10-04,40.904998779296875,41.26124954223633,40.54750061035156,41.01250076293945,41.01250076293945,7942800
2023-10-05,41.01750183105469,41.52750015258789,40.22999954223633,41.3224983215332,41.3224983215332,9639200
2023-10-06,40.877498626708984,44.23625183105469,40.75,44.17250061035156,44.17250061035156,27588000
2023-10-09,44.125,46.3125,44.025001525878906,45.45500183105469,45.45500183105469,26734000
2023-10-10,45.380001068115234,46.29999923706055,45.189998626708984,45.962501525878906,45.962501525878906,14224800
2023-10-11,45.962501525878906,47.165000915527344,45.82500076293945,47.05500030517578,47.05500030517578,14210400
2023-10-12,47.05500030517578,47.59000015258789,46.220001220703125,46.88999938964844,46.88999938964844,12338000
2023-10-13,46.88999938964844,47.33124923706055,46.34749984741211,46.43000030517578,46.43000030517578,10760400
2023-10-16,46.38249969482422,47.39500045776367,45.837501525878906,46.91749954223633,46.91749954223633,10161600
2023-10-17,46.497501373291016,47.56999969482422,46.29999923706055,46.78499984741211,46.78499984741211,12704800
2023-10-18,46.55500030517578,47.345001220703125,46.49250030517578,46.9474983215332,46.9474983215332,8693600
2023-10-19,47.9375,47.997501373291016,45.9900016784668,46.130001068115234,46.130001068115234,14072400
2023-10-20,45.75,45.900001525878906,44.07500076293945,44.689998626708984,44.689998626708984,15359200
2023-10-23,44.0,45.29249954223633,43.3224983215332,44.77000045776367,44.77000045776367,10136800
2023-10-24,45.25,46.040000915527344,44.763248443603516,45.70500183105469,45.70500183105469,7303600
2023-10-25,45.29750061035156,45.494998931884766,43.779998779296875,43.845001220703125,43.845001220703125,8200800
2023-10-26,44.029998779296875,44.61249923706055,42.54249954223633,42.90999984741211,42.90999984741211,10060000
2023-10-27,43.55500030517578,43.92499923706055,42.80550003051758,43.20500183105469,43.20500183105469,7180400
2023-10-30,43.650001525878906,43.932498931884766,42.92074966430664,43.65250015258789,43.65250015258789,6677600
2023-10-31,43.7912483215332,44.397499084472656,43.14500045776367,44.192501068115234,44.192501068115234,6604000
2023-11-01,44.529998779296875,44.907501220703125,43.70249938964844,44.587501525878906,44.587501525878906,8298800
2023-11-02,45.22249984741211,46.16749954223633,44.92850112915039,45.70000076293945,45.70000076293945,13408800
2023-11-03,45.66749954223633,47.185001373291016,44.587501525878906,47.060001373291016,47.060001373291016,13052000
2023-11-06,47.244998931884766,47.375,45.900001525878906,46.69499969482422,46.69499969482422,7746400
2023-11-07,47.787498474121094,48.70750045776367,47.36249923706055,48.09000015258789,48.09000015258789,12263200
2023-11-08,48.130001068115234,48.69499969482422,47.8025016784668,48.45750045776367,48.45750045776367,6870400
2023-11-09,48.36000061035156,48.54499816894531,47.279998779296875,47.689998626708984,47.689998626708984,9836400
2023-11-10,48.092498779296875,49.23749923706055,47.54999923706055,49.07749938964844,49.07749938964844,8166000
2023-11-13,49.5,50.38750076293945,49.29249954223633,50.2400016784668,50.2400016784668,12343600
2023-11-14,51.25,52.26675033569336,50.875,51.99250030517578,51.99250030517578,14946000
2023-11-15,52.1775016784668,52.522499084472656,50.66749954223633,51.0724983215332,51.0724983215332,14774000
2023-11-16,50.08250045776367,51.77750015258789,49.71500015258789,51.067501068115234,51.067501068115234,12054000
2023-11-17,51.067501068115234,51.977500915527344,50.7599983215332,51.772499084472656,51.772499084472656,7430000
2023-11-20,52.0,52.25674819946289,51.51625061035156,51.932498931884766,51.932498931884766,8918400
2023-11-21,51.935001373291016,52.33000183105469,51.462501525878906,52.244998931884766,52.244998931884766,9108400
2023-11-22,52.474998474121094,52.662498474121094,51.63750076293945,52.40250015258789,52.40250015258789,8799600
2023-11-24,52.21500015258789,53.21500015258789,51.91875076293945,52.665000915527344,52.665000915527344,6632000
2023-11-27,52.404998779296875,53.28499984741211,51.89250183105469,52.51750183105469,52.51750183105469,16050000
2023-11-28,52.23249816894531,53.67625045776367,51.80500030517578,53.087501525878906,53.087501525878906,28590400
2023-11-29,55.0,58.907501220703125,54.70750045776367,58.61000061035156,58.61000061035156,51986000
2023-11-30,57.79750061035156,59.619998931884766,57.29750061035156,59.247501373291016,59.247501373291016,29703200
2023-12-01,58.93000030517578,59.162498474121094,57.45000076293945,58.75749969482422,58.75749969482422,15475600
2023-12-04,58.52000045776367,59.462501525878906,57.727500915527344,59.34749984741211,59.34749984741211,13794000
2023-12-05,58.4900016784668,59.76750183105469,58.332000732421875,59.74250030517578,59.74250030517578,10305600
2023-12-06,60.0,61.15999984741211,59.44725036621094,59.85499954223633,59.85499954223633,15038800
2023-12-07,59.907501220703125,60.1775016784668,58.560001373291016,60.04249954223633,60.04249954223633,9910000
2023-12-08,59.584999084472656,60.872501373291016,59.407501220703125,60.63750076293945,60.63750076293945,7546800
2023-12-11,60.657501220703125,62.31999969482422,60.34749984741211,61.74250030517578,61.74250030517578,11096400
2023-12-12,61.15999984741211,62.5724983215332,60.817501068115234,62.13750076293945,62.13750076293945,11908800
2023-12-13,62.4375,63.32500076293945,61.79499816894531,63.0099983215332,63.0099983215332,10593200
2023-12-14,63.45624923706055,64.34249877929688,61.967498779296875,63.16999816894531,63.16999816894531,15280400
2023-12-15,64.1500015258789,65.19225311279297,63.505001068115234,65.0199966430664,65.0199966430664,24078800
2023-12-18,65.0425033569336,65.45249938964844,64.33499908447266,64.94999694824219,64.94999694824219,11387200
2023-12-19,65.02999877929688,65.19249725341797,64.05999755859375,64.5824966430664,64.5824966430664,11132000
2023-12-20,63.974998474121094,64.89250183105469,63.407501220703125,63.48749923706055,63.48749923706055,8991200
2023-12-21,63.5625,64.42749786376953,62.65250015258789,64.33000183105469,64.33000183105469,12712000
2023-12-22,64.24250030517578,64.24250030517578,63.439998626708984,63.907501220703125,63.907501220703125,7206800
2023-12-26,63.70750045776367,64.55999755859375,63.395748138427734,64.46749877929688,64.46749877929688,7257600
2023-12-27,64.56625366210938,64.88500213623047,63.932498931884766,64.33000183105469,64.33000183105469,6212000
2023-12-28,64.35250091552734,64.3550033569336,63.77750015258789,64.03250122070312,64.03250122070312,4102400
2023-12-29,63.95750045776367,64.29499816894531,62.970001220703125,63.83000183105469,63.83000183105469,7435600
2024-01-02,62.86750030517578,63.0724983215332,60.75749969482422,61.72249984741211,61.72249984741211,15027200
2024-01-03,60.08000183105469,62.20774841308594,59.65250015258789,61.09000015258789,61.09000015258789,12630400
2024-01-04,61.5,61.90250015258789,60.90999984741211,61.412498474121094,61.412498474121094,8412000
2024-01-05,61.25,62.369998931884766,61.162498474121094,61.8650016784668,61.8650016784668,9630000
2024-01-08,62.974998474121094,65.40975189208984,62.88999938964844,65.31999969482422,65.31999969482422,16036800
2024-01-09,66.42375183105469,69.13999938964844,66.24749755859375,68.44249725341797,68.44249725341797,24267600
2024-01-10,68.71749877929688,70.57875061035156,68.71749877929688,70.51000213623047,70.51000213623047,18696000
2024-01-11,71.0,71.94000244140625,70.0875015258789,71.12999725341797,71.12999725341797,13842800
2024-01-12,71.75,72.5824966430664,70.62750244140625,70.8375015258789,70.8375015258789,10137600
2024-01-16,69.84750366210938,71.80000305175781,69.76499938964844,71.57250213623047,71.57250213623047,10763200
2024-01-17,69.88500213623047,70.80750274658203,68.19975280761719,69.06749725341797,69.06749725341797,17678800
2024-01-18,70.4175033569336,71.11499786376953,69.7925033569336,70.77749633789062,70.77749633789062,10823600
2024-01-19,71.25,72.7125015258789,70.94999694824219,72.63500213623047,72.63500213623047,12044800
2024-01-22,75.12000274658203,75.5,73.84249877929688,74.66500091552734,74.66500091552734,16917600
2024-01-23,74.5425033569336,74.92500305175781,72.9262466430664,74.31749725341797,74.31749725341797,11957200
2024-01-24,75.1449966430664,76.88749694824219,74.63500213623047,75.06999969482422,75.06999969482422,17816800
2024-01-25,76.40249633789062,76.57499694824219,72.69750213623047,73.36499786376953,73.36499786376953,17331600
2024-01-26,72.62249755859375,73.4375,71.6875,72.57749938964844,72.57749938964844,11246000
2024-01-29,73.5,75.17500305175781,73.4375,75.1675033569336,75.1675033569336,12526000
2024-01-30,75.25,75.65374755859375,74.5999984741211,75.3375015258789,75.3375015258789,8589600
2024-01-31,74.5,75.02874755859375,72.72250366210938,73.125,73.125,9976400
2024-02-01,74.03500366210938,74.9749984741211,73.5425033569336,74.84249877929688,74.84249877929688,7414400
2024-02-02,74.9375,76.30249786376953,74.17749786376953,75.89250183105469,75.89250183105469,9498000
2024-02-05,76.25,76.94149780273438,73.89250183105469,75.62249755859375,75.62249755859375,9925200
2024-02-06,76.34249877929688,76.94249725341797,73.82749938964844,75.52749633789062,75.52749633789062,8350400
2024-02-07,76.93250274658203,80.26750183105469,76.67749786376953,79.44499969482422,79.44499969482422,16069600
2024-02-08,79.17749786376953,80.98224639892578,78.50749969482422,80.76000213623047,80.76000213623047,10124400
2024-02-09,82.5,84.24749755859375,81.60749816894531,82.33499908447266,82.33499908447266,15480000
2024-02-12,82.42500305175781,82.66699981689453,80.15750122070312,80.32250213623047,80.32250213623047,13656400
2024-02-13,76.88500213623047,81.58499908447266,75.5,80.61000061035156,80.61000061035156,18125600
2024-02-14,81.94000244140625,83.7249984741211,81.63999938964844,83.63749694824219,83.63749694824219,9579600
2024-02-15,84.375,84.61325073242188,81.77825164794922,82.84500122070312,82.84500122070312,11679600
2024-02-16,82.94750213623047,83.09249877929688,81.28250122070312,82.30999755859375,82.30999755859375,8495600
2024-02-20,81.75,81.75,78.76750183105469,80.92749786376953,80.92749786376953,16546800
2024-02-21,70.75749969482422,73.64974975585938,68.29000091552734,73.08999633789062,73.08999633789062,36060400
2024-02-22,76.23249816894531,78.41500091552734,74.25,77.72750091552734,77.72750091552734,19191600
2024-02-23,78.44499969482422,79.25,77.1449966430664,77.87249755859375,77.87249755859375,11860800
2024-02-26,78.29000091552734,80.82849884033203,77.37249755859375,80.25749969482422,80.25749969482422,15539600
2024-02-27,80.8499984741211,82.27249908447266,80.17749786376953,80.30249786376953,80.30249786376953,11161600
2024-02-28,79.71499633789062,80.42250061035156,78.63749694824219,80.23500061035156,80.23500061035156,8290400
2024-02-29,81.22750091552734,82.24500274658203,80.26750183105469,81.0374984741211,81.0374984741211,15248400
2024-03-01,79.8125,79.93000030517578,77.27999877929688,78.6500015258789,78.6500015258789,23349600
2024-03-04,79.3324966430664,79.49749755859375,77.82250213623047,78.45249938964844,78.45249938964844,19186400
2024-03-05,76.88249969482422,77.125,72.44999694824219,74.38999938964844,74.38999938964844,52997200
2024-03-06,90.01249694824219,91.25,81.00250244140625,82.39250183105469,82.39250183105469,92203600
2024-03-07,82.4375,82.9625015258789,78.80249786376953,82.41999816894531,82.41999816894531,38918000
2024-03-08,82.75,85.43499755859375,80.60250091552734,80.7125015258789,80.7125015258789,24085200
2024-03-11,79.7874984741211,80.875,79.0,79.34249877929688,79.34249877929688,13168000
2024-03-12,79.65249633789062,83.45249938964844,79.34249877929688,82.31749725341797,82.31749725341797,16626000
2024-03-13,82.43250274658203,83.70625305175781,81.375,83.0425033569336,83.0425033569336,10923600
2024-03-14,83.25,84.44499969482422,81.3687515258789,82.14749908447266,82.14749908447266,11107200
2024-03-15,81.3949966430664,81.84750366210938,78.9000015258789,78.9124984741211,78.9124984741211,17932400
2024-03-18,79.75749969482422,80.59249877929688,78.9749984741211,80.26499938964844,80.26499938964844,10946400
2024-03-19,79.5374984741211,80.37000274658203,77.55500030517578,80.21499633789062,80.21499633789062,11734400
2024-03-20,80.25,82.11750030517578,79.5157470703125,81.71749877929688,81.71749877929688,10115200
2024-03-21,81.47250366210938,83.30750274658203,80.51249694824219,82.36499786376953,82.36499786376953,13013600
2024-03-22,81.93250274658203,82.09750366210938,79.88749694824219,81.8949966430664,81.8949966430664,10406800
2024-03-25,81.5,82.3125,80.25,81.19000244140625,81.19000244140625,6780800
2024-03-26,81.5,83.125,80.96499633789062,82.50250244140625,82.50250244140625,9670800
2024-03-27,83.33499908447266,83.45999908447266,79.38999938964844,80.5625,80.5625,12702400
2024-03-28,80.6050033569336,81.9124984741211,79.98500061035156,80.14749908447266,80.14749908447266,9012400
2024-04-01,80.25,80.49749755859375,78.43000030517578,79.89749908447266,79.89749908447266,7323600
2024-04-02,78.2300033569336,79.92749786376953,77.73999786376953,79.88749694824219,79.88749694824219,8501200
2024-04-03,79.14250183105469,80.88749694824219,78.62000274658203,80.01000213623047,80.01000213623047,8053600
2024-04-04,81.07499694824219,81.49749755859375,77.22000122070312,77.29750061035156,77.29750061035156,10668000
2024-04-05,77.43000030517578,79.375,77.3324966430664,78.875,78.875,7077200
2024-04-08,79.04499816894531,79.16000366210938,77.375,78.43250274658203,78.43250274658203,5829200
2024-04-09,78.74749755859375,79.0,77.15750122070312,77.69249725341797,77.69249725341797,7443200
2024-04-10,76.49749755859375,78.77024841308594,76.33499908447266,78.13249969482422,78.13249969482422,7756000
2024-04-11,78.38500213623047,79.47624969482422,77.53375244140625,79.44999694824219,79.44999694824219,7476000
2024-04-12,78.47250366210938,78.71749877929688,76.75,77.26249694824219,77.26249694824219,8705200
2024-04-15,77.50749969482422,78.0,74.59750366210938,74.875,74.875,10286400
2024-04-16,74.38749694824219,75.4124984741211,74.19999694824219,74.7874984741211,74.7874984741211,7313200
2024-04-17,76.0,76.19999694824219,72.92749786376953,73.42250061035156,73.42250061035156,9161200
2024-04-18,73.25,74.375,72.54499816894531,73.5250015258789,73.5250015258789,8400000
2024-04-19,72.98750305175781,73.18250274658203,70.22000122070312,70.66000366210938,70.66000366210938,12466400
2024-04-22,71.43499755859375,72.82250213623047,70.3499984741211,72.2874984741211,72.2874984741211,9933600
2024-04-23,73.05249786376953,75.70249938964844,73.0425033569336,74.9124984741211,74.9124984741211,10372000
2024-04-24,75.9000015258789,76.20500183105469,73.68499755859375,74.40499877929688,74.40499877929688,6624800
2024-04-25,72.38999938964844,74.9625015258789,71.97750091552734,74.50499725341797,74.50499725341797,8088400
2024-04-26,75.08499908447266,76.44499969482422,74.56749725341797,76.01750183105469,76.01750183105469,8031200
2024-04-29,78.14250183105469,78.46575164794922,75.51249694824219,76.01000213623047,76.01000213623047,7598400
2024-04-30,75.5,75.76625061035156,73.0824966430664,73.13500213623047,73.13500213623047,7720800
2024-05-01,72.61000061035156,75.625,72.13749694824219,73.86000061035156,73.86000061035156,8363200
2024-05-02,75.93875122070312,76.98500061035156,74.51074981689453,75.88500213623047,75.88500213623047,15682000
2024-05-03,76.19000244140625,77.88749694824219,75.0,77.55249786376953,77.55249786376953,16323200
2024-05-06,76.84500122070312,79.4749984741211,76.07499694824219,79.45249938964844,79.45249938964844,11614000
2024-05-07,78.92749786376953,80.37875366210938,77.9124984741211,78.13749694824219,78.13749694824219,12796000
2024-05-08,77.97000122070312,79.80750274658203,77.14250183105469,78.44000244140625,78.44000244140625,8292400
2024-05-09,78.25749969482422,79.5625,77.34500122070312,79.48500061035156,79.48500061035156,8633600
2024-05-10,80.0,81.875,79.59750366210938,80.19000244140625,80.19000244140625,10629600
2024-05-13,81.25,81.25,79.15750122070312,79.79499816894531,79.79499816894531,7577600
2024-05-14,79.79750061035156,82.69750213623047,79.79499816894531,82.38749694824219,82.38749694824219,11794800
2024-05-15,83.30249786376953,86.09249877929688,82.73249816894531,85.77999877929688,85.77999877929688,12572800
2024-05-16,85.75,86.0199966430664,84.7074966430664,84.76499938964844,84.76499938964844,8298800
2024-05-17,85.0,86.56999969482422,84.67749786376953,86.48249816894531,86.48249816894531,8179600
2024-05-20,86.5,87.39749908447266,86.1624984741211,87.1875,87.1875,8700000
2024-05-21,85.76374816894531,87.9124984741211,85.12999725341797,87.33000183105469,87.33000183105469,8397200
2024-05-22,87.5,88.23500061035156,85.71499633789062,86.3550033569336,86.3550033569336,7630000
2024-05-23,87.5,87.60250091552734,85.3187484741211,85.5875015258789,85.5875015258789,7344000
2024-05-24,85.6675033569336,88.9375,85.20249938964844,87.86750030517578,87.86750030517578,10680000
2024-05-28,89.66000366210938,89.70999908447266,85.77749633789062,86.70500183105469,86.70500183105469,12941200
2024-05-29,85.50250244140625,88.38500213623047,85.48999786376953,87.37999725341797,87.37999725341797,10555600
2024-05-30,86.5374984741211,86.65750122070312,78.53250122070312,78.9800033569336,78.9800033569336,24573200
2024-05-31,82.44000244140625,82.44249725341797,76.625,78.4175033569336,78.4175033569336,21607200
2024-06-03,79.84249877929688,79.87000274658203,76.27749633789062,77.17250061035156,77.17250061035156,17458800
2024-06-04,77.5,78.09500122070312,75.87625122070312,76.3949966430664,76.3949966430664,33901600
2024-06-05,83.65249633789062,85.64749908447266,79.09750366210938,85.54499816894531,85.54499816894531,64142400
2024-06-06,85.73249816894531,87.33499908447266,84.04750061035156,85.12249755859375,85.12249755859375,18734000
2024-06-07,85.75,87.4800033569336,84.28250122070312,87.27999877929688,87.27999877929688,20387200
2024-06-10,91.7750015258789,96.24500274658203,91.7750015258789,93.64250183105469,93.64250183105469,62362800
2024-06-11,93.21499633789062,96.25,92.53500366210938,96.15750122070312,96.15750122070312,28046800
2024-06-12,97.5625,97.6762466430664,94.71749877929688,96.84249877929688,96.84249877929688,23311200
2024-06-13,96.9625015258789,97.47250366210938,95.23500061035156,95.70249938964844,95.70249938964844,15878000
2024-06-14,95.5,97.08625030517578,95.2874984741211,96.35874938964844,96.35874938964844,13660000
2024-06-17,95.6875,98.66000366210938,94.13749694824219,97.60749816894531,97.60749816894531,19412400
2024-06-18,97.5,98.32250213623047,96.66500091552734,97.37750244140625,97.37750244140625,16371200
2024-06-20,97.56500244140625,98.3125,94.80000305175781,95.53500366210938,95.53500366210938,23392000
2024-06-21,95.15750122070312,95.25,92.67500305175781,95.15750122070312,95.15750122070312,209024000
2024-06-24,93.7750015258789,95.44000244140625,93.5,94.48249816894531,94.48249816894531,21603600
2024-06-25,94.9375,96.95249938964844,94.8862533569336,96.69000244140625,96.69000244140625,12585200
2024-06-26,96.39749908447266,96.87750244140625,94.9375,95.09249877929688,95.09249877929688,11808400
2024-06-27,95.25,97.88500213623047,94.98500061035156,96.82250213623047,96.82250213623047,14665200
2024-06-28,97.3324966430664,98.32250213623047,95.44550323486328,95.79750061035156,95.79750061035156,33922000
2024-07-01,96.31999969482422,98.18499755859375,94.4800033569336,98.0374984741211,98.0374984741211,11520800
2024-07-02,95.56749725341797,96.79125213623047,95.36750030517578,96.26249694824219,96.26249694824219,12970800
2024-07-03,96.0625,97.5199966430664,95.59574890136719,96.79499816894531,96.79499816894531,5827200
2024-07-05,96.96749877929688,97.86624908447266,96.32749938964844,97.41999816894531,97.41999816894531,7636000
2024-07-08,97.59200286865234,99.27999877929688,94.94750213623047,97.67749786376953,97.67749786376953,11906000
2024-07-09,98.12750244140625,99.58174896240234,95.80000305175781,96.47000122070312,96.47000122070312,11870400
2024-07-10,96.25,96.25499725341797,91.39749908447266,93.61250305175781,93.61250305175781,23306800
2024-07-11,93.92250061035156,94.94499969482422,91.875,92.60749816894531,92.60749816894531,12502000
2024-07-12,92.05000305175781,93.62249755859375,91.93875122070312,92.83000183105469,92.83000183105469,10438800
2024-07-15,92.9175033569336,95.89250183105469,91.05249786376953,94.34249877929688,94.34249877929688,14089600
2024-07-16,94.55999755859375,94.83374786376953,92.125,92.26249694824219,92.26249694824219,10425200
2024-07-17,90.0,90.89924621582031,87.68000030517578,88.73500061035156,88.73500061035156,13994800
2024-07-18,87.93499755859375,88.05000305175781,84.08499908447266,85.76249694824219,85.76249694824219,18211200
2024-07-19,73.62750244140625,79.1875,72.5250015258789,76.23999786376953,76.23999786376953,168582800
2024-07-22,71.25250244140625,71.25250244140625,65.39749908447266,65.97750091552734,65.97750091552734,198270000
2024-07-23,67.25499725341797,69.25,64.69249725341797,67.22000122070312,67.22000122070312,134332400
2024-07-24,67.5,68.86000061035156,64.33999633789062,64.53500366210938,64.53500366210938,58945200
2024-07-25,64.59750366210938,65.69750213623047,62.55500030517578,63.537498474121094,63.537498474121094,42045600
2024-07-26,64.98750305175781,65.13500213623047,62.814998626708984,64.04000091552734,64.04000091552734,38337600
2024-07-29,64.87750244140625,66.375,64.36250305175781,64.70249938964844,64.70249938964844,47168800
2024-07-30,61.88750076293945,62.08250045776367,56.55500030517578,58.412498474121094,58.412498474121094,103299600
2024-07-31,58.66749954223633,59.227500915527344,57.0525016784668,57.9900016784668,57.9900016784668,47921600
2024-08-01,58.0,58.04999923706055,55.415000915527344,56.05500030517578,56.05500030517578,39656800
2024-08-02,54.287498474121094,55.368751525878906,52.78499984741211,54.47249984741211,54.47249984741211,35912400
2024-08-05,50.383750915527344,56.029998779296875,50.20249938964844,55.51250076293945,55.51250076293945,43768800
2024-08-06,57.54750061035156,58.810001373291016,55.38999938964844,57.92250061035156,57.92250061035156,42453600
2024-08-07,59.592498779296875,60.875,57.525001525878906,57.66749954223633,57.66749954223633,37396000
2024-08-08,58.470001220703125,60.5099983215332,57.43000030517578,60.130001068115234,60.130001068115234,26700000
2024-08-09,60.54499816894531,61.502498626708984,59.70000076293945,60.224998474121094,60.224998474121094,23755600
2024-08-12,60.5,60.717498779296875,58.900001525878906,59.834999084472656,59.834999084472656,14917600
2024-08-13,60.5,62.24250030517578,60.001251220703125,62.02750015258789,62.02750015258789,20507200
2024-08-14,62.5,64.73999786376953,62.31399917602539,64.05500030517578,64.05500030517578,22855600
2024-08-15,65.0625,65.9124984741211,64.37999725341797,65.12249755859375,65.12249755859375,23592400
2024-08-16,65.11000061035156,65.66000366210938,64.4625015258789,65.63500213623047,65.63500213623047,13982400
2024-08-19,66.0,67.74500274658203,65.6500015258789,66.69499969482422,66.69499969482422,21866400
2024-08-20,67.33999633789062,67.52999877929688,66.09874725341797,66.63249969482422,66.63249969482422,15506000
2024-08-21,66.75250244140625,68.6050033569336,66.41075134277344,68.30249786376953,68.30249786376953,21033600
2024-08-22,68.80999755859375,69.625,66.80750274658203,66.91000366210938,66.91000366210938,17682800
2024-08-23,67.5250015258789,68.4000015258789,66.70249938964844,67.88500213623047,67.88500213623047,12994400
2024-08-26,67.76499938964844,67.93499755859375,66.31749725341797,66.46749877929688,66.46749877929688,14233600
2024-08-27,65.45249938964844,67.60749816894531,65.1875,67.4574966430664,67.4574966430664,14747600
2024-08-28,67.44999694824219,67.68000030517578,65.37000274658203,66.05000305175781,66.05000305175781,28290400
2024-08-29,65.50250244140625,71.43250274658203,65.3324966430664,67.9175033569336,67.9175033569336,52400800
2024-08-30,69.44499969482422,71.02749633789062,68.3375015258789,69.31999969482422,69.31999969482422,26468000
2024-09-03,68.94499969482422,69.37750244140625,66.32250213623047,66.6500015258789,66.6500015258789,22012800
2024-09-04,65.11000061035156,66.79949951171875,64.60250091552734,64.83000183105469,64.83000183105469,17488800
2024-09-05,63.849998474121094,64.75,63.16749954223633,64.10749816894531,64.10749816894531,15712000
2024-09-06,63.95000076293945,64.3499984741211,61.122501373291016,61.59749984741211,61.59749984741211,17280400
2024-09-09,62.278751373291016,62.375,61.04249954223633,61.64500045776367,61.64500045776367,12792800
2024-09-10,62.1875,62.58250045776367,60.88750076293945,61.935001373291016,61.935001373291016,8796800
2024-09-11,61.932498931884766,63.64500045776367,60.5625,63.38249969482422,63.38249969482422,10664400
2024-09-12,63.91999816894531,64.59500122070312,63.119998931884766,64.2750015258789,64.2750015258789,10582800
2024-09-13,64.25,65.3949966430664,64.0,64.78250122070312,64.78250122070312,8535600
2024-09-16,65.19249725341797,67.51249694824219,64.8375015258789,66.95249938964844,66.95249938964844,14794400
2024-09-17,67.55000305175781,68.0999984741211,66.83000183105469,67.18000030517578,67.18000030517578,11101600
2024-09-18,67.37249755859375,68.00499725341797,65.86250305175781,66.77999877929688,66.77999877929688,12714400
2024-09-19,69.0,70.99749755859375,68.4375,69.34500122070312,69.34500122070312,24876000
2024-09-20,71.03250122070312,75.11250305175781,70.97000122070312,74.9625015258789,74.9625015258789,71500400
2024-09-23,74.44499969482422,75.53949737548828,73.14250183105469,73.28500366210938,73.28500366210938,22077200
2024-09-24,73.72250366210938,73.8499984741211,71.31999969482422,72.13500213623047,72.13500213623047,16442800
2024-09-25,72.5,72.93250274658203,71.38500213623047,71.61750030517578,71.61750030517578,11814000
2024-09-26,72.8125,73.09375,69.47000122070312,70.37000274658203,70.37000274658203,18128400
2024-09-27,70.94999694824219,71.61250305175781,70.2874984741211,71.46499633789062,71.46499633789062,11585600
2024-09-30,71.0,71.35250091552734,69.55000305175781,70.11750030517578,70.11750030517578,11414800
2024-10-01,70.56500244140625,70.74349975585938,68.1675033569336,68.7874984741211,68.7874984741211,12490400
2024-10-02,68.72125244140625,70.5374984741211,68.71549987792969,70.05999755859375,70.05999755859375,10370400
2024-10-03,69.75,71.7249984741211,69.63999938964844,70.9375,70.9375,13345600
2024-10-04,72.04000091552734,73.13999938964844,70.94999694824219,73.05999755859375,73.05999755859375,12473600
2024-10-07,72.75,73.25,71.44750213623047,71.74250030517578,71.74250030517578,9257200
2024-10-08,71.97000122070312,73.8125,71.69499969482422,73.25250244140625,73.25250244140625,11545200
2024-10-09,73.43499755859375,74.69249725341797,73.125,74.58499908447266,74.58499908447266,10137600
2024-10-10,74.43000030517578,78.88249969482422,74.25,78.7300033569336,78.7300033569336,31439600
2024-10-11,78.7300033569336,80.64749908447266,78.25,80.05249786376953,80.05249786376953,18427200
2024-10-14,80.39250183105469,80.98500061035156,77.4000015258789,77.62999725341797,77.62999725341797,17896800
2024-10-15,77.38749694824219,77.62999725341797,75.17250061035156,75.57749938964844,75.57749938964844,15061600
2024-10-16,75.9625015258789,76.8012466430664,74.81749725341797,76.55999755859375,76.55999755859375,11556800
2024-10-17,77.5,78.43499755859375,76.55999755859375,77.58499908447266,77.58499908447266,12313600
2024-10-18,77.58499908447266,78.47000122070312,76.70249938964844,77.5374984741211,77.5374984741211,11588400
2024-10-21,77.41500091552734,79.24949645996094,77.02749633789062,77.38749694824219,77.38749694824219,13174000
2024-10-22,77.25,77.88999938964844,76.06500244140625,77.12750244140625,77.12750244140625,9036800
2024-10-23,76.78500366210938,77.0165023803711,74.58000183105469,74.82499694824219,74.82499694824219,12411600
2024-10-24,75.52749633789062,76.47675323486328,75.25,76.11750030517578,76.11750030517578,7923600
2024-10-25,76.30500030517578,77.8375015258789,73.78250122070312,75.15499877929688,75.15499877929688,24183200
2024-10-28,75.28624725341797,76.25,73.82749938964844,75.33000183105469,75.33000183105469,13859200
2024-10-29,75.80999755859375,78.2874984741211,75.0999984741211,77.73500061035156,77.73500061035156,13819200
2024-10-30,77.875,78.86900329589844,76.78375244140625,76.86250305175781,76.86250305175781,8335200
2024-10-31,76.52999877929688,76.85124969482422,73.66999816894531,74.21749877929688,74.21749877929688,13902800
2024-11-01,74.19750213623047,76.09500122070312,73.92749786376953,75.78250122070312,75.78250122070312,11903600
2024-11-04,75.12999725341797,75.73249816894531,73.7699966430664,74.72000122070312,74.72000122070312,9287600
2024-11-05,75.0,77.22250366210938,74.65425109863281,76.8949966430664,76.8949966430664,9040000
2024-11-06,79.2925033569336,81.16600036621094,79.1875,80.0,80.0,16910800
2024-11-07,80.625,83.30500030517578,80.11274719238281,82.69499969482422,82.69499969482422,14300800
2024-11-08,82.63749694824219,83.2874984741211,80.80999755859375,82.50749969482422,82.50749969482422,11382800
2024-11-11,83.5,85.69750213623047,82.97000122070312,85.6050033569336,85.6050033569336,13381600
2024-11-12,84.95249938964844,85.97250366210938,84.1312484741211,85.875,85.875,12734800
2024-11-13,86.4000015258789,89.86250305175781,86.02249908447266,86.97000122070312,86.97000122070312,18982800
2024-11-14,86.97250366210938,87.77249908447266,85.88249969482422,86.08999633789062,86.08999633789062,10328400
2024-11-15,85.0999984741211,85.75250244140625,83.1875,84.1875,84.1875,13842000
2024-11-18,84.99250030517578,86.82499694824219,84.1875,85.74250030517578,85.74250030517578,9537600
2024-11-19,85.38500213623047,88.58499908447266,84.63224792480469,88.32250213623047,88.32250213623047,12678000
2024-11-20,89.32749938964844,89.32749938964844,86.11650085449219,87.5374984741211,87.5374984741211,9999600
2024-11-21,88.625,90.5999984741211,87.875,89.38749694824219,89.38749694824219,18215600
2024-11-22,89.91999816894531,93.13999938964844,89.48750305175781,93.06500244140625,93.06500244140625,13770000
2024-11-25,93.75,94.3550033569336,90.19499969482422,90.91999816894531,90.91999816894531,20091200
2024-11-26,90.75,91.8375015258789,89.8125,91.07499694824219,91.07499694824219,27805200
2024-11-27,89.80500030517578,89.80500030517578,85.12999725341797,86.89749908447266,86.89749908447266,43230800
2024-11-29,87.375,87.54000091552734,86.18000030517578,86.49250030517578,86.49250030517578,9702000
2024-12-02,86.2249984741211,88.58499908447266,84.13999938964844,86.69999694824219,86.69999694824219,21861200
2024-12-03,86.25,87.98750305175781,85.8499984741211,87.48750305175781,87.48750305175781,14327600
2024-12-04,88.2750015258789,91.61000061035156,87.125,91.04000091552734,91.04000091552734,20255600
2024-12-05,90.30000305175781,91.5625,89.6500015258789,91.20999908447266,91.20999908447266,12764800
2024-12-06,91.0,92.81749725341797,90.24749755859375,91.4124984741211,91.4124984741211,12952400
2024-12-09,91.4124984741211,91.64749908447266,87.94249725341797,88.4000015258789,88.4000015258789,11410400
2024-12-10,88.4000015258789,89.31500244140625,86.1500015258789,86.6937484741211,86.6937484741211,9677200
2024-12-11,87.04750061035156,91.2249984741211,87.04750061035156,90.74250030517578,90.74250030517578,14115600
2024-12-12,90.11750030517578,91.45999908447266,89.38749694824219,91.375,91.375,8759200
2024-12-13,91.5,92.57250213623047,90.37999725341797,92.00499725341797,92.00499725341797,12476000
2024-12-16,92.19000244140625,97.25,91.22250366210938,97.05000305175781,97.05000305175781,20727200
2024-12-17,96.6875,97.0,93.30999755859375,94.1050033569336,94.1050033569336,15560000
2024-12-18,94.1050033569336,94.79550170898438,86.36650085449219,87.29499816894531,87.29499816894531,19297600
2024-12-19,91.23249816894531,91.25,87.4375,87.75749969482422,87.75749969482422,17503600
2024-12-20,86.75,91.36000061035156,86.26249694824219,90.57250213623047,90.57250213623047,20884400
2024-12-23,89.62249755859375,91.43250274658203,88.55750274658203,90.375,90.375,11009200
2024-12-24,90.26750183105469,91.5,89.81500244140625,91.44750213623047,91.44750213623047,5158800
2024-12-26,91.4375,91.66000366210938,90.48500061035156,91.2699966430664,91.2699966430664,4926000
2024-12-27,90.2874984741211,90.4800033569336,87.4625015258789,88.74749755859375,88.74749755859375,13381600
2024-12-30,86.90249633789062,88.21875,86.08499908447266,87.32749938964844,87.32749938964844,9861600
2024-12-31,87.96499633789062,87.96499633789062,84.93000030517578,85.54000091552734,85.54000091552734,8948800
2025-01-02,86.62999725341797,87.625,85.25924682617188,86.83499908447266,86.83499908447266,10852000
2025-01-03,87.30750274658203,89.92250061035156,87.0,89.75499725341797,89.75499725341797,10645600
2025-01-06,90.625,92.09750366210938,89.00749969482422,91.58999633789062,91.58999633789062,11596800
2025-01-07,91.51499938964844,92.59249877929688,88.53125,89.98249816894531,89.98249816894531,10587200
2025-01-08,89.04850006103516,91.26625061035156,87.82749938964844,89.68000030517578,89.68000030517578,10199200
2025-01-10,88.72750091552734,88.72750091552734,85.99749755859375,87.20999908447266,87.20999908447266,11326800
2025-01-13,85.71624755859375,86.2925033569336,83.88749694824219,85.36499786376953,85.36499786376953,13351600
2025-01-14,86.24874877929688,87.99299621582031,85.8125,87.01000213623047,87.01000213623047,10141200
2025-01-15,88.75,91.3177490234375,88.23999786376953,90.50499725341797,90.50499725341797,11528400
2025-01-16,91.56500244140625,92.25450134277344,90.16500091552734,90.84500122070312,90.84500122070312,9779600
2025-01-17,92.53500366210938,92.73750305175781,87.38749694824219,89.25,89.25,19662000
2025-01-21,90.21749877929688,92.5,89.57499694824219,91.60250091552734,91.60250091552734,10744000
2025-01-22,92.19000244140625,95.37249755859375,90.75,94.49500274658203,94.49500274658203,14435600
2025-01-23,94.20249938964844,94.48750305175781,92.95999908447266,94.42500305175781,94.42500305175781,9516000
2025-01-24,94.57499694824219,96.07499694824219,93.4175033569336,93.7300033569336,93.7300033569336,9126800
2025-01-27,91.625,95.61250305175781,89.91500091552734,93.4375,93.4375,15134000
2025-01-28,93.1675033569336,102.82499694824219,93.14250183105469,102.16999816894531,102.16999816894531,32988800
2025-01-29,101.0875015258789,101.0875015258789,97.55500030517578,99.26750183105469,99.26750183105469,17118000
2025-01-30,99.93250274658203,100.7699966430664,97.7125015258789,99.21749877929688,99.21749877929688,11140800
2025-01-31,99.5999984741211,102.0250015258789,99.3375015258789,99.51750183105469,99.51750183105469,12483200
2025-02-03,96.73625183105469,99.98500061035156,96.05999755859375,99.39250183105469,99.39250183105469,14220800
2025-02-04,99.12999725341797,102.11000061035156,99.0,101.87999725341797,101.87999725341797,11462800
2025-02-05,102.0,104.84750366210938,101.25499725341797,104.30500030517578,104.30500030517578,12434400
2025-02-06,103.875,105.40625,103.43099975585938,105.12750244140625,105.12750244140625,9653200
2025-02-07,106.0,107.83125305175781,104.83000183105469,105.39749908447266,105.39749908447266,14006000
2025-02-10,106.1937484741211,107.97599792480469,106.12124633789062,107.2300033569336,107.2300033569336,9035200
2025-02-11,106.6624984741211,108.69599914550781,106.0199966430664,107.91000366210938,107.91000366210938,9295200
2025-02-12,106.30000305175781,109.39900207519531,106.05249786376953,108.65750122070312,108.65750122070312,8044000
2025-02-13,108.75,113.53250122070312,108.04924774169922,113.44249725341797,113.44249725341797,14725200
2025-02-14,112.36750030517578,113.36499786376953,110.71749877929688,112.93499755859375,112.93499755859375,11382000
2025-02-18,112.9175033569336,113.86000061035156,111.31749725341797,113.83999633789062,113.83999633789062,11013600
2025-02-19,113.83999633789062,113.89749908447266,111.1449966430664,112.53500366210938,112.53500366210938,9660800
2025-02-20,110.4800033569336,110.68250274658203,104.57749938964844,109.03500366210938,109.03500366210938,19075600
2025-02-21,107.21499633789062,108.30750274658203,101.13500213623047,101.66999816894531,101.66999816894531,22392800
2025-02-24,101.37249755859375,101.4749984741211,95.58499908447266,97.93000030517578,97.93000030517578,21537600
2025-02-25,96.81749725341797,97.25,92.32749938964844,94.9375,94.9375,18015200
2025-02-26,96.17250061035156,100.42500305175781,95.43675231933594,98.63999938964844,98.63999938964844,13684000
2025-02-27,100.41000366210938,101.63249969482422,95.0,95.05999755859375,95.05999755859375,12892400
2025-02-28,94.75,97.62999725341797,94.34500122070312,97.41500091552734,97.41500091552734,15092400
2025-03-03,99.75,101.1500015258789,94.58499908447266,95.68250274658203,95.68250274658203,20260000
2025-03-04,94.2437515258789,99.04000091552734,92.6449966430664,97.54000091552734,97.54000091552734,32180400
2025-03-05,90.41999816894531,91.83000183105469,85.75,91.36000061035156,91.36000061035156,63832400
2025-03-06,89.1449966430664,92.93000030517578,86.45500183105469,86.93250274658203,86.93250274658203,22454800
2025-03-07,86.13999938964844,86.93250274658203,79.51000213623047,83.375,83.375,27477600
2025-03-10,80.6624984741211,80.98625183105469,75.94750213623047,77.21499633789062,77.21499633789062,27988000
2025-03-11,77.60250091552734,84.75,77.0,82.4375,82.4375,33410000
2025-03-12,85.89749908447266,86.93250274658203,84.19000244140625,86.69000244140625,86.69000244140625,20495600
2025-03-13,86.64250183105469,86.95874786376953,82.65625,83.13249969482422,83.13249969482422,17398400
2025-03-14,84.62750244140625,88.625,84.28500366210938,88.43374633789062,88.43374633789062,17462000
2025-03-17,88.25,92.71499633789062,88.1415023803711,91.2074966430664,91.2074966430664,17020400
2025-03-18,90.5250015258789,92.11675262451172,89.17749786376953,90.7874984741211,90.7874984741211,12742400
2025-03-19,91.55500030517578,95.31500244140625,90.56400299072266,93.76249694824219,93.76249694824219,16226400
2025-03-20,92.81999969482422,94.37249755859375,91.11499786376953,92.25749969482422,92.25749969482422,11532000
2025-03-21,89.72750091552734,93.04750061035156,88.25749969482422,90.55999755859375,90.55999755859375,32478000
2025-03-24,92.5,93.40750122070312,90.41500091552734,93.16000366210938,93.16000366210938,16587600
2025-03-25,94.5199966430664,98.17350006103516,94.25,96.23750305175781,96.23750305175781,17033600
2025-03-26,95.97374725341797,96.19325256347656,92.58999633789062,92.85250091552734,92.85250091552734,13101200
2025-03-27,92.18000030517578,92.86499786376953,90.06999969482422,91.63999938964844,91.63999938964844,10664400
2025-03-28,91.45500183105469,91.91000366210938,88.37000274658203,89.27749633789062,89.27749633789062,13830000
2025-03-31,86.44625091552734,88.41000366210938,84.47250366210938,88.1449966430664,88.1449966430664,13188000
2025-04-01,89.73500061035156,90.7925033569336,87.8125,90.59500122070312,90.59500122070312,10728400
2025-04-02,88.29000091552734,94.06749725341797,88.25724792480469,92.87249755859375,92.87249755859375,9888000
2025-04-03,87.7354965209961,90.22750091552734,85.45249938964844,86.84750366210938,86.84750366210938,17217600
2025-04-04,82.00499725341797,83.5112533569336,77.57749938964844,80.40750122070312,80.40750122070312,28131200
2025-04-07,75.01499938964844,85.44249725341797,74.5,81.08999633789062,81.08999633789062,25198400
2025-04-08,85.67749786376953,87.76499938964844,79.59500122070312,81.26000213623047,81.26000213623047,21202400
2025-04-09,81.1500015258789,95.6624984741211,81.12249755859375,94.50250244140625,94.50250244140625,30628000
2025-04-10,92.25,93.99674987792969,88.5510025024414,92.15249633789062,92.15249633789062,18210400
2025-04-11,91.74500274658203,94.69750213623047,90.16349792480469,94.4749984741211,94.4749984741211,13533200
2025-04-14,96.7387466430664,97.31324768066406,93.20500183105469,94.66500091552734,94.66500091552734,12192000
2025-04-15,95.8499984741211,100.00499725341797,94.9175033569336,98.19999694824219,98.19999694824219,20819200
2025-04-16,96.52749633789062,98.8375015258789,93.37000274658203,94.95999908447266,94.95999908447266,16746800
2025-04-17,95.94999694824219,96.23500061035156,93.27525329589844,93.90499877929688,93.90499877929688,8393200
2025-04-21,90.94999694824219,93.02249908447266,88.91500091552734,90.67250061035156,90.67250061035156,11619600
2025-04-22,92.20999908447266,93.67749786376953,90.7249984741211,92.11250305175781,92.11250305175781,10308400
2025-04-23,95.625,99.07624816894531,95.625,96.4375,96.4375,14322400
2025-04-24,96.5,103.71224975585938,96.5,103.51249694824219,103.51249694824219,18499600
2025-04-25,103.67250061035156,106.43374633789062,103.1500015258789,106.22000122070312,106.22000122070312,13342000
2025-04-28,106.20999908447266,107.0,103.8324966430664,105.7699966430664,105.7699966430664,11194800
2025-04-29,106.12249755859375,108.09249877929688,105.7699966430664,107.74749755859375,107.74749755859375,9628400
2025-04-30,104.75250244140625,107.38749694824219,103.60250091552734,107.21749877929688,107.21749877929688,12748800
2025-05-01,107.87750244140625,109.90750122070312,106.9375,107.97000122070312,107.97000122070312,12320400
2025-05-02,109.54499816894531,110.92500305175781,108.5999984741211,110.1449966430664,110.1449966430664,10834800
2025-05-05,109.0,112.7874984741211,108.85099792480469,110.86750030517578,110.86750030517578,13124000
2025-05-06,108.05049896240234,111.875,107.64250183105469,110.80249786376953,110.80249786376953,13724800
2025-05-07,106.3550033569336,107.45999908447266,104.2655029296875,105.62999725341797,105.62999725341797,26693600
2025-05-08,106.87124633789062,108.22650146484375,106.18000030517578,107.15750122070312,107.15750122070312,14476000
2025-05-09,104.73625183105469,105.0,101.15750122070312,102.64250183105469,102.64250183105469,18773200
2025-05-12,104.92250061035156,107.36750030517578,103.7750015258789,107.36000061035156,107.36000061035156,13114000
2025-05-13,107.05249786376953,112.0,106.75,110.05000305175781,110.05000305175781,14938400
2025-05-14,110.625,111.36750030517578,107.81500244140625,108.98500061035156,108.98500061035156,11389200
2025-05-15,105.89749908447266,108.46499633789062,105.52249908447266,107.95999908447266,107.95999908447266,10127600
2025-05-16,108.96749877929688,110.22250366210938,107.95500183105469,109.81500244140625,109.81500244140625,8533600
2025-05-19,108.10749816894531,111.375,107.92250061035156,111.0875015258789,111.0875015258789,8062400
2025-05-20,110.47250366210938,110.75250244140625,109.17375183105469,110.5625,110.5625,8530400
2025-05-21,109.19999694824219,112.6675033569336,108.01499938964844,108.68499755859375,108.68499755859375,17284400
2025-05-22,107.67874908447266,112.22000122070312,107.5,111.01750183105469,111.01750183105469,10363600
2025-05-23,109.625,114.98249816894531,109.3499984741211,113.89749908447266,113.89749908447266,17951200
2025-05-27,116.0,118.55750274658203,114.9000015258789,118.05500030517578,118.05500030517578,15988800
2025-05-28,118.24624633789062,118.35250091552734,116.49500274658203,117.2074966430664,117.2074966430664,11573600
2025-05-29,118.0,118.12249755859375,113.35624694824219,114.70249938964844,114.70249938964844,13296000
2025-05-30,115.50749969482422,118.27999877929688,114.19125366210938,117.84249877929688,117.84249877929688,17954800
2025-06-02,117.75,119.99250030517578,116.3812484741211,119.7925033569336,119.7925033569336,13933600
2025-06-03,120.19125366210938,122.80000305175781,119.36250305175781,122.19000244140625,122.19000244140625,30528800
2025-06-04,113.6875,117.73750305175781,111.31500244140625,115.13999938964844,115.13999938964844,61814400
2025-06-05,115.58125305175781,117.1500015258789,113.17749786376953,115.73500061035156,115.73500061035156,24713200
2025-06-06,115.77999877929688,119.61650085449219,115.77999877929688,117.10250091552734,117.10250091552734,17372000
2025-06-09,117.57749938964844,117.94249725341797,114.53199768066406,116.09750366210938,116.09750366210938,10898400
2025-06-10,116.37249755859375,117.50250244140625,114.30750274658203,116.9124984741211,116.9124984741211,9890000
2025-06-11,116.50499725341797,119.98500061035156,116.38800048828125,119.24500274658203,119.24500274658203,11026000
2025-06-12,118.50499725341797,122.18399810791016,118.25,120.43250274658203,120.43250274658203,14080800
2025-06-13,118.75,121.37374877929688,118.26499938964844,120.15499877929688,120.15499877929688,10442800
2025-06-16,120.45999908447266,121.86499786376953,119.31999969482422,119.84750366210938,119.84750366210938,10841200
2025-06-17,119.86250305175781,123.30000305175781,118.5,123.00749969482422,123.00749969482422,13594800
2025-06-18,122.67749786376953,122.67749786376953,119.70500183105469,121.29000091552734,121.29000091552734,11321200
2025-06-20,121.13500213623047,122.5,118.57250213623047,119.07499694824219,119.07499694824219,20732400
2025-06-23,117.68875122070312,123.57499694824219,115.37750244140625,122.95249938964844,122.95249938964844,17726800
2025-06-24,122.7249984741211,123.375,120.27999877929688,121.34500122070312,121.34500122070312,14534000
2025-06-25,122.0199966430664,125.10250091552734,121.8862533569336,123.52249908447266,123.52249908447266,11830400
2025-06-26,124.2699966430664,126.5875015258789,123.52249908447266,126.30500030517578,126.30500030517578,12068000
2025-06-27,126.14749908447266,126.34249877929688,123.89250183105469,124.8324966430664,124.8324966430664,13865200
2025-06-30,125.65625,127.50499725341797,124.93000030517578,127.32749938964844,127.32749938964844,10811200
2025-07-01,127.34249877929688,129.15499877929688,120.375,123.01750183105469,123.01750183105469,16356400
2025-07-02,122.75,124.125,122.28600311279297,124.0250015258789,124.0250015258789,8452800
2025-07-03,124.99749755859375,129.4949951171875,124.99749755859375,128.52499389648438,128.52499389648438,10616000
2025-07-07,126.92500305175781,127.03874969482422,124.72750091552734,126.36499786376953,126.36499786376953,13077600
2025-07-08,126.91000366210938,127.34625244140625,124.43499755859375,126.92749786376953,126.92749786376953,8573200
2025-07-09,128.0,128.47999572753906,126.76000213623047,128.37750244140625,128.37750244140625,7477200
2025-07-10,128.24749755859375,128.625,121.64250183105469,121.77749633789062,121.77749633789062,16714800
2025-07-11,122.0,122.33149719238281,119.36750030517578,119.61250305175781,119.61250305175781,13537600
2025-07-14,116.70500183105469,120.17925262451172,115.875,119.04499816894531,119.04499816894531,13362000
2025-07-15,119.77249908447266,120.18000030517578,117.62999725341797,118.31999969482422,118.31999969482422,10116400
2025-07-16,118.95500183105469,119.1624984741211,116.20874786376953,117.61250305175781,117.61250305175781,7921600
2025-07-17,117.5875015258789,118.57749938964844,116.73500061035156,117.4574966430664,117.4574966430664,9026400
2025-07-18,118.07749938964844,119.31500244140625,116.44000244140625,118.98999786376953,118.98999786376953,11613600
2025-07-21,119.67874908447266,122.51000213623047,118.52749633789062,120.3949966430664,120.3949966430664,13664800
2025-07-22,120.375,121.36399841308594,117.5,117.80750274658203,117.80750274658203,7902400
2025-07-23,117.80750274658203,118.0,113.51000213623047,115.37999725341797,115.37999725341797,12096000
2025-07-24,115.99500274658203,117.125,115.02999877929688,115.50749969482422,115.50749969482422,9944400
2025-07-25,115.5,117.70249938964844,115.07499694824219,116.9800033569336,116.9800033569336,7178800
2025-07-28,117.75,119.14250183105469,117.0,118.04499816894531,118.04499816894531,7303200
2025-07-29,118.46749877929688,120.18000030517578,114.5,116.37750244140625,116.37750244140625,10999600
2025-07-30,115.87999725341797,116.66999816894531,113.3550033569336,115.7874984741211,115.7874984741211,8470000
2025-07-31,116.44000244140625,116.9749984741211,113.44000244140625,113.64250183105469,113.64250183105469,11331200
2025-08-01,112.23750305175781,113.5,109.52249908447266,111.66500091552734,111.66500091552734,12057600
2025-08-04,113.2249984741211,114.37249755859375,112.0,113.71499633789062,113.71499633789062,7531200
2025-08-05,113.65750122070312,114.44999694824219,109.625,110.4375,110.4375,12418400
2025-08-06,111.25,112.9749984741211,110.50250244140625,112.92250061035156,112.92250061035156,8142800
2025-08-07,112.92250061035156,112.99624633789062,105.5,106.25,106.25,22840400
2025-08-08,107.75,108.625,105.1050033569336,106.12249755859375,106.12249755859375,14528400
2025-08-11,105.95500183105469,108.5,104.93499755859375,106.60749816894531,106.60749816894531,10101600
2025-08-12,107.00250244140625,109.57499694824219,106.87249755859375,108.94999694824219,108.94999694824219,9244000
2025-08-13,110.0,110.60624694824219,106.96499633789062,108.02999877929688,108.02999877929688,9844400
2025-08-14,108.08499908447266,108.75,104.95249938964844,106.21499633789062,106.21499633789062,11646400
2025-08-15,106.31999969482422,107.23300170898438,105.75,106.9749984741211,106.9749984741211,9057600
2025-08-18,106.5,107.24250030517578,105.42475128173828,106.58499908447266,106.58499908447266,9010800
2025-08-19,107.75,109.0,103.9749984741211,104.6500015258789,104.6500015258789,11147200
2025-08-20,104.35624694824219,105.23500061035156,102.32749938964844,104.7925033569336,104.7925033569336,8850400
2025-08-21,104.44750213623047,104.48249816894531,103.41500091552734,103.51499938964844,103.51499938964844,7201600
2025-08-22,103.75,105.99825286865234,103.13774871826172,105.13749694824219,105.13749694824219,8809200
2025-08-25,105.65249633789062,106.5,104.6312484741211,104.7074966430664,104.7074966430664,9653200
2025-08-26,104.83000183105469,106.25,104.17500305175781,104.4000015258789,104.4000015258789,12586800
2025-08-27,105.4000015258789,106.85375213623047,104.99500274658203,105.65249633789062,105.65249633789062,32478400
2025-08-28,102.5,110.5425033569336,102.3125,110.5,110.5,39927200
2025-08-29,111.21624755859375,112.0,105.09750366210938,105.92500305175781,105.92500305175781,21940400
2025-09-02,104.27725219726562,104.50499725341797,101.92375183105469,103.375,103.375,15051200
2025-09-03,103.24624633789062,103.62000274658203,101.06999969482422,103.30000305175781,103.30000305175781,12146000
2025-09-04,103.30000305175781,103.87249755859375,100.66500091552734,103.11499786376953,103.11499786376953,11053600
2025-09-05,103.51750183105469,104.52799987792969,101.76499938964844,104.40750122070312,104.40750122070312,8677200
2025-09-08,104.75,107.21125030517578,104.1050033569336,107.01499938964844,107.01499938964844,10183200
2025-09-09,107.0425033569336,107.75174713134766,105.15750122070312,105.87750244140625,105.87750244140625,8507200
2025-09-10,106.89125061035156,108.45175170898438,105.5425033569336,106.21749877929688,106.21749877929688,9115200
2025-09-11,107.0625,109.56500244140625,106.7750015258789,108.34500122070312,108.34500122070312,9647600
2025-09-12,108.84750366210938,110.75,108.75,109.0250015258789,109.0250015258789,11058800
2025-09-15,110.39375305175781,112.21749877929688,109.1875,111.19249725341797,111.19249725341797,11517600
2025-09-16,111.19999694824219,112.08000183105469,108.69999694824219,111.24500274658203,111.24500274658203,11632000
2025-09-17,111.25,113.5,108.58499908447266,111.375,111.375,15491200
2025-09-18,117.23124694824219,126.05500030517578,115.52999877929688,125.65750122070312,125.65750122070312,40482000
2025-09-19,124.75,126.79900360107422,123.95249938964844,125.63749694824219,125.63749694824219,28371200
2025-09-22,124.0,125.07499694824219,121.5824966430664,123.28500366210938,123.28500366210938,15501600
2025-09-23,123.28500366210938,123.76499938964844,120.2750015258789,121.0250015258789,121.0250015258789,10938000
2025-09-24,120.59750366210938,121.73999786376953,118.62000274658203,119.0824966430664,119.0824966430664,8872800
2025-09-25,119.2249984741211,120.38749694824219,117.25,118.27249908447266,118.27249908447266,10859200
2025-09-26,118.0250015258789,120.92500305175781,117.57250213623047,120.3550033569336,120.3550033569336,9438800
2025-09-29,121.6050033569336,122.625,120.6624984741211,122.11250305175781,122.11250305175781,8791600
2025-09-30,121.6050033569336,122.72025299072266,119.8134994506836,122.59500122070312,122.59500122070312,9152800
2025-10-01,121.9375,125.2092514038086,121.33999633789062,124.98999786376953,124.98999786376953,10049600
2025-10-02,125.3062515258789,125.56749725341797,123.08625030517578,124.19999694824219,124.19999694824219,10355200
2025-10-03,124.95999908447266,125.46749877929688,121.57499694824219,122.47000122070312,122.47000122070312,7934000
2025-10-06,123.87750244140625,125.875,123.59500122070312,123.98750305175781,123.98750305175781,7797600
2025-10-07,124.25,124.46399688720703,119.12999725341797,121.15499877929688,121.15499877929688,11430000
2025-10-08,122.94249725341797,127.5,122.5824966430664,127.48750305175781,127.48750305175781,14470000
2025-10-09,127.48750305175781,127.86499786376953,125.4749984741211,127.28250122070312,127.28250122070312,8815200
2025-10-10,127.25,129.3524932861328,123.32174682617188,123.41500091552734,123.41500091552734,12570400
2025-10-13,125.2874984741211,127.79499816894531,124.375,127.15249633789062,127.15249633789062,9362400
2025-10-14,125.02375030517578,125.13500213623047,121.89749908447266,122.23500061035156,122.23500061035156,11074000
2025-10-15,123.5,123.875,121.19499969482422,122.25499725341797,122.25499725341797,6923200
2025-10-16,122.43250274658203,124.57749938964844,118.84700012207031,120.55750274658203,120.55750274658203,8683200
2025-10-17,119.50375366210938,121.5,118.8550033569336,121.1624984741211,121.1624984741211,7707200
2025-10-20,121.63249969482422,126.11125183105469,121.61250305175781,125.90249633789062,125.90249633789062,11280400
2025-10-21,125.30999755859375,126.9000015258789,124.5875015258789,125.98750305175781,125.98750305175781,5763600
2025-10-22,125.66999816894531,126.33999633789062,122.9175033569336,125.02749633789062,125.02749633789062,6721200
2025-10-23,124.99500274658203,130.6074981689453,124.99500274658203,130.4949951171875,130.4949951171875,12589200
2025-10-24,132.1999969482422,133.8800048828125,130.46749877929688,131.8300018310547,131.8300018310547,10202000
2025-10-27,133.13499450683594,133.5850067138672,131.30999755859375,132.4250030517578,132.4250030517578,7728800
2025-10-28,134.20249938964844,138.41000366210938,133.9949951171875,136.73500061035156,136.73500061035156,13469600
2025-10-29,135.25,137.25,133.3249969482422,136.375,136.375,7122400
2025-10-30,135.77749633789062,137.4949951171875,133.5262451171875,134.6699981689453,134.6699981689453,7819600
2025-10-31,135.6024932861328,137.375,134.3249969482422,135.75250244140625,135.75250244140625,7492400
2025-11-03,137.3300018310547,138.95249938964844,136.27499389648438,137.97999572753906,137.97999572753906,7642000
2025-11-04,134.94749450683594,137.3699951171875,132.77499389648438,133.47999572753906,133.47999572753906,10020400
2025-11-05,132.97000122070312,133.79750061035156,131.5,133.53500366210938,133.53500366210938,6584800
2025-11-06,131.6699981689453,135.0,129.27499389648438,133.1300048828125,133.1300048828125,12399600
2025-11-07,131.6649932861328,135.56500244140625,129.77499389648438,134.95249938964844,134.95249938964844,9708400
2025-11-10,136.9550018310547,139.7449951171875,136.0625,139.38250732421875,139.38250732421875,8658000
2025-11-11,138.80499267578125,139.625,137.80250549316406,139.1824951171875,139.1824951171875,5423200
2025-11-12,140.27499389648438,141.72500610351562,136.25,136.46499633789062,136.46499633789062,7966000
2025-11-13,135.24749755859375,135.96249389648438,131.53500366210938,132.44500732421875,132.44500732421875,9624000
2025-11-14,130.61749267578125,136.00999450683594,127.26249694824219,134.3874969482422,134.3874969482422,7769200
2025-11-17,134.25,135.16749572753906,131.64500427246094,132.44500732421875,132.44500732421875,5581200
2025-11-18,131.2050018310547,132.83250427246094,128.25,128.41749572753906,128.41749572753906,10292000
2025-11-19,128.34249877929688,131.4949951171875,127.32274627685547,130.1475067138672,130.1475067138672,6087600
2025-11-20,133.13999938964844,134.8300018310547,125.03250122070312,125.32749938964844,125.32749938964844,9932400
2025-11-21,124.47750091552734,125.25,119.38749694824219,122.6675033569336,122.6675033569336,12254800
2025-11-24,124.54000091552734,127.29750061035156,123.50749969482422,126.70500183105469,126.70500183105469,10596800
2025-11-25,125.92500305175781,128.42750549316406,123.25250244140625,128.0850067138672,128.0850067138672,6608800
2025-11-26,128.25,128.75,124.25,125.38500213623047,125.38500213623047,8855200
2025-11-28,126.34249877929688,127.67250061035156,125.48500061035156,127.29000091552734,127.29000091552734,4075600
2025-12-01,125.80374908447266,126.68499755859375,123.75250244140625,126.03250122070312,126.03250122070312,8234400
2025-12-02,128.36749267578125,130.25,126.75,129.1374969482422,129.1374969482422,20221200
2025-12-03,124.49749755859375,131.25,121.57499694824219,131.04249572753906,131.04249572753906,22315200
2025-12-04,130.9774932861328,131.3175048828125,127.56500244140625,128.27999877929688,128.27999877929688,9909200
2025-12-05,129.03500366210938,131.72250366210938,127.08000183105469,128.00750732421875,128.00750732421875,10517600
2025-12-08,128.25,130.0749969482422,127.2249984741211,128.79750061035156,128.79750061035156,6642000
2025-12-09,128.0574951171875,132.4739990234375,127.93250274658203,129.4949951171875,129.4949951171875,8143200
2025-12-10,129.0,130.40249633789062,126.13500213623047,129.88499450683594,129.88499450683594,9437200
2025-12-11,129.16749572753906,132.04750061035156,128.12750244140625,129.41250610351562,129.41250610351562,8006000
2025-12-12,129.1024932861328,129.35899353027344,124.69000244140625,126.19499969482422,126.19499969482422,10710800
2025-12-15,127.25250244140625,127.25250244140625,121.85749816894531,121.86750030517578,121.86750030517578,8739600
2025-12-16,121.62100219726562,122.86000061035156,120.5,122.13249969482422,122.13249969482422,7034800
2025-12-17,122.35250091552734,122.61000061035156,117.45874786376953,117.50499725341797,117.50499725341797,9269200
2025-12-18,119.92500305175781,120.51000213623047,118.47750091552734,119.31500244140625,119.31500244140625,7340400
2025-12-19,120.0,122.3012466430664,119.65750122070312,120.31999969482422,120.31999969482422,18650800
2025-12-22,119.94499969482422,121.46749877929688,118.7125015258789,120.78500366210938,120.78500366210938,9213200
2025-12-23,120.62249755859375,120.89749908447266,118.375,119.70999908447266,119.70999908447266,8212000
2025-12-24,119.2074966430664,119.5,117.66850280761719,119.27749633789062,119.27749633789062,2980400
2025-12-26,119.25,120.53874969482422,118.7874984741211,120.29750061035156,120.29750061035156,4602800
2025-12-29,119.5737533569336,120.82250213623047,118.65850067138672,118.97750091552734,118.97750091552734,5258400
2025-12-30,119.0,119.52999877929688,118.05924987792969,118.90750122070312,118.90750122070312,4672400
2025-12-31,118.99500274658203,119.01499938964844,117.0999984741211,117.19000244140625,117.19000244140625,6644000
2026-01-02,118.5,118.5,112.3637466430664,113.3949966430664,113.3949966430664,13300000
2026-01-05,114.65750122070312,116.62249755859375,113.75125122070312,114.13749694824219,114.13749694824219,10462800
2026-01-06,114.4437484741211,115.11499786376953,112.82250213623047,114.58000183105469,114.58000183105469,9360400
2026-01-07,115.74250030517578,121.63749694824219,115.57099914550781,119.72750091552734,119.72750091552734,15868400
2026-01-08,119.55000305175781,119.99749755859375,115.15750122070312,115.96749877929688,115.96749877929688,9822000
2026-01-09,118.04750061035156,118.99500274658203,116.5625,117.65249633789062,117.65249633789062,9590000
2026-01-12,115.0625,117.15249633789062,114.9124984741211,116.74749755859375,116.74749755859375,7755600
2026-01-13,116.75,119.13749694824219,115.23500061035156,117.00499725341797,117.00499725341797,10773200
2026-01-14,116.44999694824219,119.25,112.94000244140625,115.17500305175781,115.17500305175781,15019600
2026-01-15,115.98999786376953,118.07749938964844,112.5,113.75,113.75,11340000
2026-01-16,114.1875,114.92500305175781,110.90374755859375,113.47000122070312,113.47000122070312,13751600
2026-01-20,110.75650024414062,112.56625366210938,110.05774688720703,110.68250274658203,110.68250274658203,12926000
2026-01-21,111.25,114.02999877929688,109.7925033569336,111.47000122070312,111.47000122070312,10747200
2026-01-22,113.61250305175781,113.61750030517578,111.56999969482422,113.44249725341797,113.44249725341797,6058800
2026-01-23,113.67250061035156,114.71499633789062,112.35549926757812,113.12249755859375,113.12249755859375,7083200
2026-01-26,113.49749755859375,117.48999786376953,113.12249755859375,117.0824966430664,117.0824966430664,7828400
2026-01-27,119.6187515258789,121.80000305175781,118.3499984741211,119.16500091552734,119.16500091552734,11338000
2026-01-28,119.86499786376953,121.75,117.22750091552734,117.29750061035156,117.29750061035156,9530000
2026-01-29,115.18499755859375,115.38749694824219,107.84750366210938,111.15499877929688,111.15499877929688,20921200
2026-01-30,110.125,112.18499755859375,109.5625,110.35124969482422,110.35124969482422,10381600
2026-02-02,110.0,111.80999755859375,108.68599700927734,109.7125015258789,109.7125015258789,8294800
2026-02-03,108.9800033569336,109.17725372314453,103.76249694824219,105.43250274658203,105.43250274658203,15339600
2026-02-04,102.98500061035156,105.49500274658203,100.38749694824219,103.83999633789062,103.83999633789062,18932000
2026-02-05,103.69750213623047,104.07250213623047,93.62999725341797,94.29000091552734,94.29000091552734,24212800
2026-02-06,96.23500061035156,99.24749755859375,94.59249877929688,98.875,98.875,19772000
2026-02-09,99.04624938964844,102.6875,96.5634994506836,102.01000213623047,102.01000213623047,11303600
2026-02-10,100.30249786376953,104.72000122070312,100.19499969482422,103.34750366210938,103.34750366210938,12485600
2026-02-11,103.42500305175781,104.14749908447266,101.0999984741211,103.95249938964844,103.95249938964844,9883600
2026-02-12,104.7249984741211,105.1675033569336,100.5719985961914,102.88500213623047,102.88500213623047,13990800
2026-02-13,104.22750091552734,108.2125015258789,103.1449966430664,107.41000366210938,107.41000366210938,14146800
2026-02-17,105.89800262451172,106.47049713134766,100.00499725341797,103.57125091552734,103.57125091552734,17712400
2026-02-18,102.4375,105.44000244140625,100.5,103.94000244140625,103.94000244140625,11010800
2026-02-19,104.40499877929688,106.0,102.49250030517578,105.53500366210938,105.53500366210938,8001600
2026-02-20,104.81999969482422,107.97000122070312,96.77749633789062,97.1500015258789,97.1500015258789,33443200
2026-02-23,96.23999786376953,96.27749633789062,85.68000030517578,87.5824966430664,87.5824966430664,60305200
2026-02-24,87.2750015258789,90.2249984741211,86.26249694824219,87.5625,87.5625,28554800
2026-02-25,87.39250183105469,91.49500274658203,86.625,90.82749938964844,90.82749938964844,22791600
2026-02-26,91.81199645996094,96.27249908447266,91.16500091552734,95.2750015258789,95.2750015258789,24799200
2026-02-27,92.26499938964844,93.375,89.82250213623047,92.99500274658203,92.99500274658203,20503200
2026-03-02,93.9749984741211,96.7874984741211,93.27149963378906,96.21499633789062,96.21499633789062,15086000
2026-03-03,92.375,98.7300033569336,91.99749755859375,97.8550033569336,97.8550033569336,30852800
2026-03-04,96.54624938964844,102.10250091552734,95.02749633789062,101.91999816894531,101.91999816894531,33410000
2026-03-05,101.82499694824219,107.42250061035156,101.75,106.54000091552734,106.54000091552734,23784800
2026-03-06,106.48999786376953,108.42749786376953,105.05750274658203,107.24749755859375,107.24749755859375,18416800
2026-03-09,106.39375305175781,109.56999969482422,106.37999725341797,108.53250122070312,108.53250122070312,15401600
2026-03-10,111.25,111.98750305175781,107.13749694824219,109.0824966430664,109.0824966430664,13267200
2026-03-11,110.62750244140625,113.0,109.05374908447266,110.50749969482422,110.50749969482422,11622000
2026-03-12,110.25,112.50749969482422,109.5824966430664,110.38500213623047,110.38500213623047,9440000
2026-03-13,110.99749755859375,112.66000366210938,108.6449966430664,110.44499969482422,110.44499969482422,8908400
2026-03-16,110.74749755859375,110.87999725341797,105.94249725341797,105.95999908447266,105.95999908447266,14665600
2026-03-17,106.02249908447266,109.75250244140625,104.9000015258789,108.30000305175781,108.30000305175781,11726000
2026-03-18,107.19249725341797,110.60749816894531,106.99749755859375,108.95249938964844,108.95249938964844,11196400
2026-03-19,109.75,110.17749786376953,105.84500122070312,107.04499816894531,107.04499816894531,9439200
2026-03-20,105.91874694824219,106.07749938964844,100.90249633789062,102.25,102.25,36446000
2026-03-23,102.76499938964844,104.35749816894531,101.75,103.32749938964844,103.32749938964844,14413200
2026-03-24,102.60124969482422,102.71499633789062,97.6500015258789,98.24749755859375,98.24749755859375,14545200
2026-03-25,99.74500274658203,100.08000183105469,95.875,96.46499633789062,96.46499633789062,12514800
2026-03-26,95.7925033569336,98.875,95.29750061035156,98.15499877929688,98.15499877929688,9834800
2026-03-27,92.7125015258789,93.61499786376953,90.45175170898438,92.3949966430664,92.3949966430664,24128000
2026-03-30,94.89250183105469,97.62174987792969,94.09750366210938,95.01499938964844,95.01499938964844,17526800
2026-03-31,95.4749984741211,98.22000122070312,94.75,97.60250091552734,97.60250091552734,11906400
2026-04-01,99.1875,99.23500061035156,96.59249877929688,98.32749938964844,98.32749938964844,8475600
2026-04-02,97.79499816894531,100.19999694824219,96.6875,99.77999877929688,99.77999877929688,7960400
2026-04-06,101.25,101.25,98.18250274658203,99.65249633789062,99.65249633789062,6382800
2026-04-07,99.46624755859375,105.93250274658203,98.8947525024414,105.80750274658203,105.80750274658203,18507200
2026-04-08,109.99749755859375,112.4749984741211,105.8375015258789,106.62750244140625,106.62750244140625,18908800
2026-04-09,106.49500274658203,106.75499725341797,97.70249938964844,98.66999816894531,98.66999816894531,21682000
2026-04-10,99.02549743652344,99.51249694824219,91.11750030517578,94.75499725341797,94.75499725341797,35756000
2026-04-13,95.0250015258789,100.76499938964844,94.5625,100.55999755859375,100.55999755859375,16666000
2026-04-14,101.1624984741211,102.86000061035156,98.3499984741211,99.62249755859375,99.62249755859375,12748000
2026-04-15,101.75,102.99500274658203,100.51249694824219,102.79000091552734,102.79000091552734,12432400
2026-04-16,105.4625015258789,106.44249725341797,102.77249908447266,104.55000305175781,104.55000305175781,11964400
2026-04-17,107.23999786376953,107.95999908447266,105.08999633789062,105.98750305175781,105.98750305175781,11625200
2026-04-20,105.63500213623047,108.45249938964844,104.25499725341797,108.2874984741211,108.2874984741211,11540400
2026-04-21,109.9375,114.7874984741211,109.125,112.40249633789062,112.40249633789062,14684400
2026-04-22,113.8324966430664,116.98750305175781,113.15750122070312,116.66999816894531,116.66999816894531,11569600
2026-04-23,113.40249633789062,113.5,109.12750244140625,111.34750366210938,111.34750366210938,12902000
2026-04-24,111.98374938964844,112.7612533569336,108.88999938964844,112.03250122070312,112.03250122070312,9086800
2026-04-27,113.38749694824219,114.49500274658203,110.65499877929688,113.65249633789062,113.65249633789062,9188400
2026-04-28,114.40625,115.92250061035156,112.58000183105469,113.74749755859375,113.74749755859375,7491600
2026-04-29,112.58000183105469,113.29000091552734,110.80999755859375,113.09500122070312,113.09500122070312,7659200
2026-04-30,111.75250244140625,112.50274658203125,108.13749694824219,111.4375,111.4375,9770800
2026-05-01,113.67250061035156,114.49250030517578,111.39125061035156,113.91000366210938,113.91000366210938,6088000
2026-05-04,114.2249984741211,117.95249938964844,113.8499984741211,117.30999755859375,117.30999755859375,8734400
2026-05-05,118.59750366210938,120.16500091552734,116.5,119.13249969482422,119.13249969482422,8900000
2026-05-06,117.0999984741211,118.8239974975586,114.36499786376953,117.01750183105469,117.01750183105469,8795600
2026-05-07,121.52249908447266,126.69750213623047,121.52249908447266,126.43000030517578,126.43000030517578,20458000
2026-05-08,124.79374694824219,132.22874450683594,123.0824966430664,131.9425048828125,131.9425048828125,16164800
2026-05-11,130.94500732421875,135.66749572753906,130.5,135.56500244140625,135.56500244140625,11173200
2026-05-12,135.5,138.1074981689453,133.25,136.5449981689453,136.5449981689453,14181600
2026-05-13,135.2100067138672,142.09249877929688,134.5919952392578,140.6425018310547,140.6425018310547,11203600
2026-05-14,139.92625427246094,145.94500732421875,138.75,144.9875030517578,144.9875030517578,11263600
2026-05-15,143.29249572753906,149.5625,140.17250061035156,148.52000427246094,148.52000427246094,15437600
2026-05-18,147.37374877929688,155.2624969482422,146.84249877929688,154.70750427246094,154.70750427246094,18799200
2026-05-19,154.9949951171875,158.55999755859375,153.32249450683594,154.22000122070312,154.22000122070312,17860000
2026-05-20,153.5749969482422,162.75,153.51600646972656,162.52749633789062,162.52749633789062,17533200
2026-05-21,162.6300048828125,164.8874969482422,160.5124969482422,162.0574951171875,162.0574951171875,10584400
2026-05-22,162.625,168.7100067138672,162.39999389648438,165.86500549316406,165.86500549316406,11113600
2026-05-26,166.25,169.375,162.0,167.8874969482422,167.8874969482422,8319600
2026-05-27,160.25250244140625,165.1649932861328,158.2725067138672,161.33999633789062,161.33999633789062,13091600
2026-05-28,162.33250427246094,169.375,160.3800048828125,167.75,167.75,9488400
2026-05-29,169.35874938964844,182.87249755859375,168.73500061035156,182.75,182.75,19256800
2026-06-01,183.95249938964844,196.4149932861328,183.5,195.54249572753906,195.54249572753906,18361200
2026-06-02,191.21249389648438,194.7050018310547,186.34500122070312,192.2375030517578,192.2375030517578,16741200
2026-06-03,191.4187469482422,191.75,185.52999877929688,186.90249633789062,186.90249633789062,20986400
2026-06-04,168.5175018310547,180.24000549316406,167.77749633789062,179.7725067138672,179.7725067138672,29799200
2026-06-05,174.18499755859375,176.55499267578125,167.52499389648438,167.7550048828125,167.7550048828125,20955200
2026-06-08,168.37625122070312,171.0,163.00250244140625,164.69749450683594,164.69749450683594,13349600
2026-06-09,164.69749450683594,166.21749877929688,154.43499755859375,161.2324981689453,161.2324981689453,14962400
2026-06-10,159.75750732421875,165.53250122070312,158.9875030517578,161.93499755859375,161.93499755859375,10109600
2026-06-11,161.32000732421875,174.1074981689453,160.25,172.88250732421875,172.88250732421875,14136000
2026-06-12,172.6649932861328,175.54249572753906,169.5,170.6999969482422,170.6999969482422,9243600
2026-06-15,173.16749572753906,174.37374877929688,167.21499633789062,173.2274932861328,173.2274932861328,10184000
2026-06-16,173.27450561523438,175.21749877929688,166.49000549316406,169.87249755859375,169.87249755859375,8576000
2026-06-17,170.0,172.7324981689453,167.72500610351562,170.74000549316406,170.74000549316406,8393200
2026-06-18,171.6875,173.9774932861328,165.22999572753906,171.21499633789062,171.21499633789062,21517600
2026-06-22,171.2675018310547,178.0449981689453,168.2987518310547,168.86000061035156,168.86000061035156,13743200
2026-06-23,167.25250244140625,172.72500610351562,165.5,170.22999572753906,170.22999572753906,9488000
2026-06-24,170.12249755859375,171.7864990234375,167.25,168.2550048828125,168.2550048828125,7018000
2026-06-25,170.09500122070312,173.18499755859375,167.500244140625,169.66250610351562,169.66250610351562,12028800
2026-06-26,171.5500030517578,176.2100067138672,168.40249633789062,175.2725067138672,175.2725067138672,13329200
2026-06-29,177.375,188.9949951171875,176.02999877929688,185.7274932861328,185.7274932861328,19759200
2026-06-30,184.125,191.3249969482422,183.0,190.78500366210938,190.78500366210938,14752000
2026-07-01,193.75,196.5,191.25,193.18499755859375,193.18499755859375,10740400
2026-07-02,191.2550048828125,199.52999877929688,190.61000061035156,193.97999572753906,193.97999572753906,10423900
2026-07-06,189.50999450683594,209.5,188.5500030517578,199.3800048828125,199.3800048828125,10190000
2026-07-07,200.69000244140625,201.3699951171875,192.22000122070312,194.6199951171875,194.6199951171875,9551200
2026-07-08,193.50999450683594,195.66000366210938,185.3000030517578,191.1199951171875,191.1199951171875,7980600
2026-07-09,188.30499267578125,198.75,187.0,198.39999389648438,198.39999389648438,6283500
2026-07-10,196.60000610351562,198.0,186.47999572753906,187.17999267578125,187.17999267578125,9269800
2026-07-13,186.86000061035156,189.25,181.0,187.91000366210938,187.91000366210938,6475300
2026-07-14,190.9949951171875,211.0,189.4600067138672,210.72999572753906,210.72999572753906,12139500
2026-07-15,212.3800048828125,217.5,205.10000610351562,206.77000427246094,206.77000427246094,12002800
2026-07-16,207.1699981689453,207.69000244140625,200.07000732421875,203.75999450683594,203.75999450683594,8026800
2026-07-17,200.39999389648438,209.5,199.52000427246094,203.0800018310547,203.0800018310547,9102600
2026-07-20,203.0800018310547,208.25,197.82000732421875,198.49000549316406,198.49000549316406,7379300
2026-07-21,199.80999755859375,200.0,189.67999267578125,191.14999389648438,191.14999389648438,9880300
2026-07-22,192.55999755859375,193.49000549316406,185.0500030517578,188.4199981689453,188.4199981689453,9080600
2026-07-23,189.50999450683594,190.20799255371094,181.77699279785156,183.4199981689453,183.4199981689453,6592300
2026-07-24,185.0,185.8350067138672,181.8300018310547,183.27999877929688,183.27999877929688,5779200
2026-07-27,187.90499877929688,188.5,179.5,180.11000061035156,180.11000061035156,6580300
2026-07-28,181.3300018310547,184.6649932861328,174.13999938964844,181.8000030517578,181.8000030517578,8475300
2026-07-29,182.625,186.38999938964844,176.4600067138672,179.3800048828125,179.3800048828125,7152500
2026-07-30,180.5800018310547,185.4600067138672,177.7469940185547,185.22000122070312,185.22000122070312,8958800
2026-07-31,187.22000122070312,191.64500427246094,184.16000366210938,190.86000061035156,190.86000061035156,7887400
2026-08-03,194.0399932861328,203.1699981689453,192.60000610351562,202.5399932861328,202.5399932861328,10302600
2026-08-04,205.8000030517578,212.63999938964844,203.5,211.22000122070312,211.22000122070312,8354500
2026-08-05,213.5500030517578,219.35000610351562,209.55999755859375,209.86000061035156,209.86000061035156,7324900
2026-08-06,203.0,207.6300048828125,201.75,207.38999938964844,207.38999938964844,6911300
2026-08-07,213.8249969482422,216.5749969482422,208.1999969482422,214.4199981689453,214.4199981689453,5882000
2026-08-10,215.30799865722656,226.89999389648438,214.5500030517578,225.16000366210938,225.16000366210938,8178500
2026-08-11,224.0,225.52000427246094,219.24000549316406,221.89999389648438,221.89999389648438,6343100
2026-08-12,219.92999267578125,224.9499969482422,217.88999938964844,221.77999877929688,221.77999877929688,6919400
2026-08-13,224.97999572753906,226.68499755859375,220.22999572753906,225.52999877929688,225.52999877929688,5822700
2026-08-14,226.61500549316406,227.5,216.46499633789062,216.9499969482422,216.9499969482422,6688148
