Date,Open,High,Low,Close,Adj Close,Volume
2021-08-16,95.9121322631836,96.4393310546875,94.89539337158203,96.30125427246094,87.8292236328125,1363734
2021-08-17,95.39749145507812,95.82426452636719,93.0,94.50627899169922,86.19215393066406,1622571
2021-08-18,94.11715698242188,94.6694564819336,92.6485366821289,92.77405548095703,84.6123275756836,1614047
2021-08-19,91.64434814453125,92.5606689453125,91.07949829101562,91.53137969970703,83.47896575927734,1519642
2021-08-20,91.3054428100586,92.2092056274414,91.06694793701172,91.44351196289062,83.39883422851562,1551907
2021-08-23,92.15899658203125,93.0125503540039,91.82008361816406,92.53556823730469,84.39481353759766,1212925
2021-08-24,93.0753173828125,94.11715698242188,92.93724060058594,93.82845306396484,85.57393646240234,1677700
2021-08-25,93.82845306396484,94.6820068359375,93.53974914550781,94.17991638183594,85.89450073242188,1483712
2021-08-26,93.92887115478516,93.9665298461914,92.96234130859375,93.26359558105469,85.05879974365234,1581702
2021-08-27,93.82845306396484,94.80753326416016,93.46443176269531,94.3305435180664,86.0318832397461,1506337
2021-08-30,94.55648803710938,94.7698745727539,92.69874572753906,92.77405548095703,84.6123275756836,1425316
2021-08-31,92.68619537353516,93.12552642822266,92.02091979980469,92.9121322631836,84.73826599121094,2348812
2021-09-01,92.9121322631836,93.05020904541016,91.7698745727539,92.18409729003906,84.07426452636719,1508409
2021-09-02,92.24686431884766,93.61506652832031,92.2092056274414,92.77405548095703,84.6123275756836,1199939
2021-09-03,92.79916381835938,92.81171417236328,90.11296844482422,90.47698974609375,82.51732635498047,2534515
2021-09-07,89.84937286376953,90.18828582763672,89.14644622802734,89.6485366821289,81.76177215576172,1825482
2021-09-08,89.42259216308594,89.42259216308594,88.04183959960938,88.64434814453125,80.84591674804688,1345411
2021-09-09,88.41841125488281,89.18409729003906,88.17991638183594,88.24267578125,80.47959899902344,1336010
2021-09-10,89.09623718261719,89.59832763671875,88.34309387207031,88.48117065429688,80.69709777832031,2118018
2021-09-13,89.59832763671875,89.59832763671875,87.8912124633789,88.70711517333984,80.9031753540039,2324514
2021-09-14,88.92050170898438,88.95816040039062,85.65690612792969,85.94561004638672,78.38460540771484,2231623
2021-09-15,86.32217407226562,88.09204864501953,86.32217407226562,87.878662109375,80.14759826660156,1964978
2021-09-16,88.05438995361328,89.53556823730469,87.60250854492188,88.6694564819336,80.86881256103516,2046238
2021-09-17,88.61924743652344,89.37238311767578,85.89539337158203,86.49790954589844,78.8883056640625,4549365
2021-09-20,84.16317749023438,85.4058609008789,83.30962371826172,85.26778411865234,77.76641082763672,3336520
2021-09-21,85.78242492675781,85.78242492675781,84.11296844482422,84.53974914550781,77.10242462158203,2068067
2021-09-22,85.7698745727539,86.61087799072266,85.63179779052734,85.6945571899414,78.15562438964844,1579392
2021-09-23,86.35983276367188,87.60250854492188,86.35983276367188,86.48535919189453,78.87686157226562,3193598
2021-09-24,85.93305206298828,86.35983276367188,85.36820220947266,85.6694564819336,78.13274383544922,1666706
2021-09-27,86.29707336425781,88.49372100830078,86.29707336425781,88.00418090820312,80.26206970214844,1888976
2021-09-28,88.19246673583984,89.27196502685547,86.48535919189453,86.67363739013672,79.04859161376953,2165738
2021-09-29,86.73640441894531,87.51464080810547,86.34728240966797,86.79916381835938,79.16307067871094,2003776
2021-09-30,87.28870391845703,87.50209045410156,85.3179931640625,85.34309387207031,77.83507537841797,3711272
2021-10-01,85.74476623535156,87.30125427246094,85.02928924560547,86.77405548095703,79.14015197753906,1650614
2021-10-04,89.76150512695312,89.82426452636719,87.47698974609375,88.09204864501953,80.34221649169922,3140301
2021-10-05,88.24267578125,89.6485366821289,87.75313568115234,89.08367919921875,81.24659729003906,2647483
2021-10-06,88.04183959960938,88.88284301757812,86.33472442626953,87.61506652832031,79.9072036743164,2459390
2021-10-07,88.79497528076172,89.635986328125,88.20502471923828,88.54393005371094,80.75432586669922,2028313
2021-10-08,88.49372100830078,89.05857849121094,88.04183959960938,88.39330291748047,80.61695861816406,1536212
2021-10-11,88.84518432617188,89.78661346435547,87.48954010009766,87.56485748291016,79.86139678955078,2612748
2021-10-12,87.60250854492188,88.09204864501953,86.22175598144531,86.88703155517578,79.2431869506836,1499008
2021-10-13,87.60250854492188,88.29288482666016,86.05857849121094,87.4393310546875,79.7469253540039,1414641
2021-10-14,88.41841125488281,90.3514633178711,87.8661117553711,90.0125503540039,82.09375762939453,1874716
2021-10-15,90.81590270996094,91.49372100830078,90.33891296386719,90.46443176269531,82.5058822631836,1309959
2021-10-18,89.94979095458984,91.02928924560547,89.07112884521484,90.18828582763672,82.25403594970703,2750412
2021-10-19,90.77824401855469,90.91632080078125,89.84937286376953,90.67782592773438,82.70051574707031,1373374
2021-10-20,90.70292663574219,91.99581909179688,90.4267807006836,91.95816040039062,83.86820983886719,2022498
2021-10-21,92.00836944580078,92.00836944580078,90.0,90.67782592773438,82.70051574707031,1162496
2021-10-22,90.81590270996094,91.41841125488281,90.40167236328125,90.51464080810547,82.55167388916016,962373
2021-10-25,91.02928924560547,91.3179931640625,89.9874496459961,90.28870391845703,82.34561157226562,1431371
2021-10-26,90.37657165527344,91.19246673583984,90.0878677368164,90.28870391845703,82.34561157226562,838093
2021-10-27,89.87447357177734,90.22594451904297,86.76150512695312,86.79916381835938,79.16307067871094,1811062
2021-10-28,86.93724060058594,88.01673889160156,86.78661346435547,87.56485748291016,79.86139678955078,1607116
2021-10-29,87.47698974609375,87.75313568115234,86.53556823730469,87.364013671875,79.67822265625,2707790
2021-11-01,87.72803497314453,90.17573547363281,87.4393310546875,89.41004180908203,81.54424285888672,2254965
2021-11-02,91.07949829101562,98.14644622802734,90.81590270996094,97.26778411865234,88.71073913574219,7950893
2021-11-03,99.61506652832031,102.38912200927734,98.96234130859375,100.60669708251953,91.7558822631836,7078861
2021-11-04,100.6820068359375,100.6820068359375,98.76150512695312,99.8033447265625,91.02322387695312,3044940
2021-11-05,99.91632080078125,101.58577728271484,99.62761688232422,100.92050170898438,92.04208374023438,2493487
2021-11-08,101.82426452636719,102.27615356445312,99.22594451904297,99.81590270996094,91.03466033935547,3085171
2021-11-09,99.46443176269531,102.0125503540039,99.05020904541016,101.69874572753906,92.75186157226562,3057208
2021-11-10,101.6485366821289,102.26359558105469,100.29288482666016,100.38075256347656,91.5498275756836,1997642
2021-11-11,100.61924743652344,101.74895477294922,100.24267578125,101.6485366821289,92.70606994628906,2158568
2021-11-12,101.67363739013672,101.9874496459961,100.82008361816406,101.32217407226562,92.40841674804688,2080256
2021-11-15,101.25941467285156,101.35983276367188,98.4728012084961,98.87447357177734,90.17606353759766,1963385
2021-11-16,98.89958190917969,99.57740783691406,96.99163055419922,97.39330291748047,88.82518768310547,4364777
2021-11-17,96.878662109375,100.01673889160156,96.878662109375,99.5271987915039,90.77136993408203,2530532
2021-11-18,99.90376281738281,100.41841125488281,98.84937286376953,99.81590270996094,91.03466033935547,2307864
2021-11-19,99.58995819091797,101.76150512695312,99.25104522705078,100.44351196289062,91.60704803466797,2748102
2021-11-22,100.41841125488281,101.51045989990234,99.3514633178711,99.4393310546875,90.69124603271484,1495104
2021-11-23,99.51464080810547,100.20502471923828,99.31380462646484,99.8033447265625,91.02322387695312,1341746
2021-11-24,99.25104522705078,99.70292663574219,98.76150512695312,98.78661346435547,90.09591674804688,1035667
2021-11-26,96.21338653564453,97.14225769042969,95.1338882446289,96.60250854492188,88.10397338867188,1696581
2021-11-29,97.05438995361328,97.63179779052734,95.35983276367188,96.70292663574219,88.54070281982422,2299897
2021-11-30,95.27196502685547,95.69874572753906,91.65690612792969,92.83682250976562,85.00092315673828,4943556
2021-12-01,94.25523376464844,96.74058532714844,92.62342834472656,92.62342834472656,84.80553436279297,2337659
2021-12-02,93.11296844482422,95.6485366821289,92.96234130859375,94.49372100830078,86.51795196533203,1812735
2021-12-03,94.61924743652344,96.20083618164062,93.92887115478516,94.74476623535156,86.74781036376953,3008612
2021-12-06,96.16317749023438,96.92887115478516,94.15481567382812,95.88703155517578,87.79367065429688,2806338
2021-12-07,96.65271759033203,98.17154693603516,96.15062713623047,97.3305435180664,89.11534881591797,1908415
2021-12-08,97.6820068359375,98.88703155517578,96.70292663574219,98.23430633544922,89.94281768798828,2839639
2021-12-09,97.21757507324219,99.878662109375,96.94142150878906,98.71129608154297,90.37954711914062,3682831
2021-12-10,99.77824401855469,100.74476623535156,99.22594451904297,100.46862030029297,91.98855590820312,2333596
2021-12-13,100.01673889160156,100.26778411865234,97.43096160888672,97.44351196289062,89.21878051757812,2533161
2021-12-14,96.95397186279297,98.97489166259766,96.70292663574219,97.45606994628906,89.23027038574219,1929128
2021-12-15,97.3179931640625,98.58577728271484,96.55229949951172,98.33472442626953,90.03475952148438,1588553
2021-12-16,99.03765869140625,100.65690612792969,98.4728012084961,98.79916381835938,90.46000671386719,2402030
2021-12-17,98.46025085449219,98.46025085449219,95.79916381835938,96.03765869140625,87.93157958984375,3942464
2021-12-20,95.09623718261719,95.09623718261719,92.89958190917969,94.4058609008789,86.43753051757812,1892402
2021-12-21,95.46025085449219,96.66527557373047,95.46025085449219,96.0125503540039,87.9085922241211,1569513
2021-12-22,95.83682250976562,96.71548461914062,95.38493347167969,96.65271759033203,88.49472045898438,1150705
2021-12-23,97.24267578125,99.16317749023438,96.65271759033203,98.58577728271484,90.26461791992188,1957012
2021-12-27,98.66108703613281,100.24267578125,98.46025085449219,100.17991638183594,91.72421264648438,1543462
2021-12-28,99.878662109375,101.48535919189453,99.81590270996094,100.98326110839844,92.45975494384766,1677302
2021-12-29,100.79497528076172,101.89958190917969,100.79497528076172,101.15899658203125,92.62063598632812,897126
2021-12-30,101.53556823730469,102.16317749023438,100.48117065429688,100.58158874511719,92.09197998046875,1060602
2021-12-31,100.38075256347656,101.77405548095703,100.15481567382812,101.39749145507812,92.83901977539062,1281199
2022-01-03,101.72384643554688,103.24267578125,101.121337890625,101.24686431884766,92.70108795166016,1927933
2022-01-04,101.76150512695312,104.04602813720703,101.58577728271484,103.60669708251953,94.86175537109375,2153310
2022-01-05,103.6694564819336,105.0753173828125,102.58995819091797,102.66527557373047,93.99980926513672,1869219
2022-01-06,103.88284301757812,104.14644622802734,101.97489166259766,102.91632080078125,94.22964477539062,1327964
2022-01-07,103.44351196289062,104.97489166259766,102.90376281738281,104.42259216308594,95.6087875366211,2458593
2022-01-10,103.16736602783203,104.76150512695312,101.83682250976562,102.8912124633789,94.20665740966797,1807876
2022-01-11,103.00418090820312,104.29707336425781,102.30125427246094,104.22175598144531,95.4249038696289,1578754
2022-01-12,104.38493347167969,105.27615356445312,103.7698745727539,105.0878677368164,96.21790313720703,1703034
2022-01-13,105.18828582763672,106.64434814453125,105.06275939941406,105.4518814086914,96.55120086669922,1512233
2022-01-14,104.05857849121094,106.89539337158203,103.29288482666016,106.65690612792969,97.65451049804688,2026879
2022-01-18,106.01673889160156,106.01673889160156,104.49790954589844,105.15062713623047,96.27538299560547,3450682
2022-01-19,105.32636260986328,105.32636260986328,102.27615356445312,102.40167236328125,93.7584457397461,2685882
2022-01-20,102.64016723632812,102.72803497314453,99.18828582763672,99.38912200927734,91.0001449584961,2929184
2022-01-21,98.44770050048828,99.03765869140625,96.55229949951172,97.24267578125,89.03487396240234,2444492
2022-01-24,95.43514251708984,97.2301254272461,93.12552642822266,96.84100341796875,88.66712188720703,3033149
2022-01-25,95.39749145507812,97.25523376464844,93.38912200927734,96.4393310546875,88.29936981201172,2094437
2022-01-26,96.94142150878906,98.30962371826172,95.14644622802734,96.32636260986328,88.19591522216797,1899413
2022-01-27,97.80753326416016,98.82426452636719,94.84518432617188,96.0125503540039,87.9085922241211,1876867
2022-01-28,95.53556823730469,95.62342834472656,93.12552642822266,95.48535919189453,87.4259033203125,1753543
2022-01-31,94.5941390991211,96.17573547363281,93.61506652832031,96.15062713623047,88.03501892089844,3566597
2022-02-01,96.50209045410156,98.17154693603516,95.9121322631836,97.7698745727539,89.51759338378906,2378209
2022-02-02,97.97071075439453,99.62761688232422,97.02928924560547,99.3514633178711,90.9656982421875,2097305
2022-02-03,98.51045989990234,99.26359558105469,97.48117065429688,97.55648803710938,89.32221221923828,1828987
2022-02-04,96.64016723632812,97.50627899169922,95.28451538085938,95.4728012084961,87.41439819335938,2590840
2022-02-07,95.43514251708984,96.0125503540039,94.46862030029297,94.60669708251953,86.62138366699219,2854138
2022-02-08,97.80753326416016,101.00836944580078,96.47698974609375,100.58158874511719,92.09197998046875,3906535
2022-02-09,101.28451538085938,102.95397186279297,101.02091979980469,102.28870391845703,93.6550064086914,2301729
2022-02-10,101.48535919189453,103.5941390991211,100.50627899169922,100.83263397216797,92.32183074951172,2631629
2022-02-11,101.08367919921875,102.3514633178711,99.0753173828125,99.51464080810547,91.11508178710938,3069318
2022-02-14,99.21338653564453,100.6820068359375,99.0,99.56485748291016,91.16107940673828,1567521
2022-02-15,100.21757507324219,102.57740783691406,100.10460662841797,102.51464080810547,93.86186981201172,1437346
2022-02-16,102.18828582763672,103.58158874511719,101.9246826171875,103.07949829101562,94.37905883789062,2108139
2022-02-17,101.67363739013672,102.0878677368164,99.47698974609375,100.07949829101562,91.63227081298828,1435115
2022-02-18,104.27196502685547,105.53974914550781,98.44770050048828,98.87447357177734,90.5289535522461,4372744
2022-02-22,98.22175598144531,99.02510833740234,96.60250854492188,97.85774230957031,89.5980224609375,3049082
2022-02-23,98.4728012084961,98.48535919189453,93.81590270996094,94.20502471923828,86.25363159179688,3803048
2022-02-24,91.56903839111328,95.42259216308594,90.51464080810547,94.85774230957031,86.85124969482422,4024441
2022-02-25,95.28451538085938,98.71129608154297,95.24686431884766,97.99581909179688,90.11797332763672,2497948
2022-02-28,96.33891296386719,98.1338882446289,95.89958190917969,97.11715698242188,89.30997467041016,3383125
2022-03-01,97.25523376464844,97.43096160888672,93.71548461914062,94.92050170898438,87.28990173339844,4198593
2022-03-02,95.69874572753906,97.78242492675781,94.60669708251953,96.77824401855469,88.99828338623047,2991961
2022-03-03,97.46862030029297,98.2092056274414,95.44770050048828,96.51464080810547,88.75587463378906,1698732
2022-03-04,94.80753326416016,94.82008361816406,92.68619537353516,93.37657165527344,85.87008666992188,2883455
2022-03-07,92.44770050048828,92.73640441894531,86.62342834472656,86.69874572753906,79.72909545898438,4317137
2022-03-08,87.16317749023438,88.88284301757812,84.7907943725586,86.37238311767578,79.428955078125,3319710
2022-03-09,89.1338882446289,92.66108703613281,88.55648803710938,90.99163055419922,83.67686462402344,3119508
2022-03-10,89.29707336425781,91.15481567382812,89.08367919921875,90.47698974609375,83.20359802246094,2298861
2022-03-11,91.12970733642578,92.67363739013672,90.70292663574219,90.99163055419922,83.67686462402344,2963839
2022-03-14,91.83263397216797,92.2092056274414,89.67363739013672,90.05020904541016,82.81112670898438,2400914
2022-03-15,90.50209045410156,91.3305435180664,88.41841125488281,90.21338653564453,82.96117401123047,2045362
2022-03-16,91.39330291748047,94.61924743652344,91.3305435180664,93.18828582763672,85.69692993164062,2313998
2022-03-17,91.65690612792969,95.15899658203125,91.65690612792969,95.15899658203125,87.50920867919922,2439314
2022-03-18,94.98326110839844,96.41422271728516,93.75313568115234,96.28870391845703,88.5481185913086,4276985
2022-03-21,96.65271759033203,97.28033447265625,95.23430633544922,96.33891296386719,88.59427642822266,2037953
2022-03-22,97.21757507324219,97.73221588134766,96.10041809082031,96.69037628173828,88.91749572753906,1810903
2022-03-23,96.11296844482422,96.28870391845703,94.51882934570312,95.32217407226562,87.65929412841797,1693235
2022-03-24,95.71129608154297,95.96234130859375,94.82008361816406,95.77405548095703,88.07482147216797,1592616
2022-03-25,96.11296844482422,96.84100341796875,95.49790954589844,96.76569366455078,88.98675537109375,995515
2022-03-28,95.97489166259766,96.15062713623047,94.44351196289062,95.82426452636719,88.12100982666016,1479569
2022-03-29,97.3305435180664,99.13807678222656,97.24267578125,97.90795135498047,90.03718566894531,1662803
2022-03-30,97.63179779052734,97.93305206298828,95.71129608154297,96.0753173828125,88.35189819335938,1591660
2022-03-31,95.18409729003906,95.67363739013672,92.32217407226562,92.35983276367188,84.93507385253906,2383627
2022-04-01,93.03765869140625,94.06694793701172,91.55648803710938,93.82845306396484,86.28563690185547,2189240
2022-04-04,93.61506652832031,94.55648803710938,92.9121322631836,93.99163055419922,86.43568420410156,2145981
2022-04-05,93.33891296386719,94.21757507324219,91.41841125488281,91.63179779052734,84.26557159423828,1808513
2022-04-06,90.41422271728516,90.53974914550781,86.6485366821289,88.09204864501953,81.0103759765625,3579344
2022-04-07,87.8912124633789,88.07949829101562,84.71548461914062,87.50209045410156,80.46784973144531,2912932
2022-04-08,88.16736602783203,88.41841125488281,86.15899658203125,86.41004180908203,79.46357727050781,2480023
2022-04-11,85.98326110839844,88.01673889160156,85.36820220947266,85.95816040039062,79.04803466796875,1948647
2022-04-12,86.17154693603516,87.64016723632812,85.41841125488281,85.93305206298828,79.02493286132812,1773141
2022-04-13,85.89539337158203,86.67363739013672,85.60669708251953,86.5732192993164,79.6136474609375,1486819
2022-04-14,86.58577728271484,87.57740783691406,85.98326110839844,86.23430633544922,79.30198669433594,2149725
2022-04-18,85.88284301757812,86.93724060058594,85.51882934570312,86.1087875366211,79.18653869628906,1586721
2022-04-19,85.92050170898438,87.69037628173828,85.84518432617188,86.94979095458984,79.95994567871094,1401416
2022-04-20,87.65271759033203,89.69874572753906,87.58995819091797,88.56903839111328,81.44902801513672,1611179
2022-04-21,90.15062713623047,90.32636260986328,87.23849487304688,87.4518814086914,80.42167663574219,1304064
2022-04-22,86.58577728271484,86.96234130859375,84.38912200927734,84.46443176269531,77.67436981201172,1976689
2022-04-25,83.89958190917969,85.3305435180664,82.29288482666016,85.10460662841797,78.2630844116211,2486317
2022-04-26,84.69037628173828,85.63179779052734,83.0334701538086,83.05857849121094,76.38154602050781,1680090
2022-04-27,83.39749145507812,84.41422271728516,82.44351196289062,83.08367919921875,76.4046401977539,2534515
2022-04-28,83.86192321777344,84.82845306396484,82.10460662841797,84.82845306396484,78.0091323852539,2217522
2022-04-29,84.47698974609375,85.79497528076172,82.4058609008789,82.75732421875,76.10450744628906,2075317
2022-05-02,82.44351196289062,83.1087875366211,80.77405548095703,82.71966552734375,76.06988525390625,3031157
2022-05-03,83.15899658203125,84.7907943725586,81.51464080810547,83.32217407226562,76.62394714355469,2768257
2022-05-04,84.37657165527344,86.53556823730469,82.28033447265625,86.33472442626953,79.39431762695312,2102802
2022-05-05,85.01673889160156,85.53137969970703,82.12970733642578,83.02091979980469,76.34690856933594,2607490
2022-05-06,82.79497528076172,83.42259216308594,81.33891296386719,82.11715698242188,75.51580810546875,2796539
2022-05-09,80.30962371826172,82.36820220947266,80.28451538085938,80.74895477294922,74.25759887695312,2854696
2022-05-10,81.74058532714844,82.41841125488281,78.0878677368164,79.48117065429688,73.09172058105469,2978179
2022-05-11,79.2301254272461,82.15481567382812,79.12970733642578,79.55648803710938,73.1609878540039,2152354
2022-05-12,79.36820220947266,80.37238311767578,77.94979095458984,79.39330291748047,73.01091766357422,2148929
2022-05-13,80.32217407226562,81.82845306396484,79.95816040039062,80.51045989990234,74.03828430175781,2180397
2022-05-16,79.41841125488281,81.40167236328125,78.60250854492188,80.49790954589844,74.02671813964844,1861332
2022-05-17,82.14225769042969,83.77405548095703,81.33891296386719,83.35983276367188,76.65858459472656,2199517
2022-05-18,82.3305435180664,82.93305206298828,80.42259216308594,80.68619537353516,74.19987487792969,2470065
2022-05-19,80.0334701538086,82.01673889160156,79.45606994628906,80.73640441894531,74.24604797363281,2829680
2022-05-20,81.0125503540039,81.4267807006836,77.96234130859375,80.14644622802734,73.70352935791016,3088995
2022-05-23,81.3514633178711,82.56903839111328,80.39749145507812,82.17991638183594,75.5735092163086,2336623
2022-05-24,81.8912124633789,81.92887115478516,79.80753326416016,81.13807678222656,74.61541748046875,1842770
2022-05-25,81.15062713623047,82.79497528076172,80.27196502685547,82.10460662841797,75.5042495727539,1965775
2022-05-26,83.0334701538086,84.99163055419922,82.98326110839844,84.56485748291016,77.76673889160156,2223098
2022-05-27,84.57740783691406,85.93305206298828,84.12552642822266,85.80753326416016,79.29795837402344,2257196
2022-05-31,84.91632080078125,86.51045989990234,84.05020904541016,85.16736602783203,78.70635223388672,8174437
2022-06-01,86.32217407226562,86.52301025390625,83.38493347167969,84.62761688232422,78.2075424194336,2170996
2022-06-02,85.35565185546875,86.42259216308594,84.878662109375,86.38493347167969,79.83153533935547,1911841
2022-06-03,85.51882934570312,85.88284301757812,83.5606689453125,84.0,77.62753295898438,1976849
2022-06-06,84.71548461914062,86.0334701538086,84.17573547363281,84.94142150878906,78.49754333496094,1881806
2022-06-07,83.82426452636719,85.35565185546875,83.24686431884766,85.3179931640625,78.84553527832031,1537885
2022-06-08,84.40167236328125,85.70711517333984,84.31380462646484,84.90376281738281,78.46273803710938,1675310
2022-06-09,84.21338653564453,84.95397186279297,82.98326110839844,82.99581909179688,76.69953155517578,1339914
2022-06-10,81.12552642822266,81.21338653564453,79.39330291748047,79.74476623535156,73.69511413574219,2094994
2022-06-13,77.5732192993164,78.16317749023438,75.878662109375,76.4058609008789,70.60948944091797,1950479
2022-06-14,76.35565185546875,76.64434814453125,74.94979095458984,75.77824401855469,70.02949523925781,1836396
2022-06-15,76.85774230957031,77.5481185913086,74.66108703613281,75.75313568115234,70.00628662109375,1795448
2022-06-16,72.8661117553711,72.9665298461914,70.3054428100586,71.27196502685547,65.8650894165039,3523896
2022-06-17,71.07112884521484,71.44770050048828,69.26359558105469,70.65690612792969,65.29668426513672,3727603
2022-06-21,72.12552642822266,72.18828582763672,70.60669708251953,71.37238311767578,65.95787811279297,2303402
2022-06-22,69.13807678222656,71.09623718261719,69.0878677368164,70.17991638183594,64.85586547851562,2176015
2022-06-23,69.92887115478516,70.89539337158203,68.52301025390625,69.47698974609375,64.2062759399414,2266198
2022-06-24,70.02928924560547,73.51882934570312,70.02928924560547,73.49372100830078,67.91829681396484,8641284
2022-06-27,73.38075256347656,73.49372100830078,71.89958190917969,72.26359558105469,66.78148651123047,2853819
2022-06-28,72.81590270996094,73.85774230957031,71.66108703613281,71.96234130859375,66.50308227539062,2047115
2022-06-29,71.78661346435547,71.82426452636719,69.74058532714844,70.70711517333984,65.34307098388672,1978203
2022-06-30,69.41422271728516,70.53137969970703,68.5732192993164,69.76569366455078,64.47307586669922,1964580
2022-07-01,69.23849487304688,69.67782592773438,66.99163055419922,68.72384643554688,63.51027297973633,3951865
2022-07-05,67.15481567382812,68.2092056274414,65.9874496459961,68.00836944580078,62.84907531738281,4960047
2022-07-06,68.49790954589844,69.41422271728516,67.54393005371094,69.0125503540039,63.77707290649414,2350645
2022-07-07,70.12970733642578,71.08367919921875,69.56485748291016,70.74476623535156,65.37787628173828,2671223
2022-07-08,70.58158874511719,70.79497528076172,69.03765869140625,69.58995819091797,64.3106689453125,1721039
2022-07-11,68.78661346435547,69.37657165527344,68.41004180908203,68.89958190917969,63.672664642333984,1571903
2022-07-12,68.72384643554688,70.93305206298828,68.72384643554688,69.71548461914062,64.42668151855469,1904033
2022-07-13,68.27196502685547,69.27615356445312,67.55648803710938,68.86192321777344,63.637855529785156,1687579
2022-07-14,67.6945571899414,67.88284301757812,66.28870391845703,67.14225769042969,62.04865264892578,2006883
2022-07-15,68.74895477294922,68.82426452636719,67.19246673583984,68.53556823730469,63.33625030517578,2358054
2022-07-18,69.28870391845703,70.24267578125,67.88284301757812,68.23430633544922,63.05786895751953,1827952
2022-07-19,69.33891296386719,71.1338882446289,69.18828582763672,70.99581909179688,65.60987854003906,2195374
2022-07-20,70.6945571899414,72.0878677368164,70.38075256347656,71.68619537353516,66.24787902832031,2009034
2022-07-21,71.28451538085938,72.47698974609375,70.63179779052734,72.47698974609375,66.97869110107422,1495264
2022-07-22,72.94142150878906,73.24267578125,71.23430633544922,71.87447357177734,66.42188262939453,1152378
2022-07-25,72.0753173828125,72.9665298461914,71.68619537353516,72.84100341796875,67.31509399414062,1403328
2022-07-26,72.47698974609375,73.11715698242188,71.87447357177734,72.40167236328125,66.90907287597656,1577081
2022-07-27,72.37657165527344,74.72384643554688,71.9874496459961,74.59832763671875,68.93907928466797,2672100
2022-07-28,74.5606689453125,75.50209045410156,74.05857849121094,75.47698974609375,70.14057159423828,1532388
2022-07-29,75.76569366455078,77.41004180908203,75.60250854492188,76.85774230957031,71.42371368408203,2031659
2022-08-01,75.878662109375,76.05438995361328,74.66108703613281,75.56485748291016,70.22223663330078,2371199
2022-08-02,74.635986328125,75.41422271728516,73.38075256347656,73.51882934570312,68.32085418701172,2848641
2022-08-03,73.82008361816406,73.92050170898438,71.79916381835938,72.99163055419922,67.8309326171875,3793806
2022-08-04,73.07949829101562,74.27196502685547,72.17573547363281,73.51882934570312,68.32085418701172,2265481
2022-08-05,72.8033447265625,74.53556823730469,72.60250854492188,73.90795135498047,68.68246459960938,1546649
2022-08-08,74.84937286376953,75.53974914550781,73.73221588134766,74.4728012084961,69.20738983154297,2538100
2022-08-09,74.09623718261719,74.25941467285156,73.24267578125,73.60669708251953,68.40251922607422,2609402
2022-08-10,75.33891296386719,77.33472442626953,75.33891296386719,76.24267578125,70.85212707519531,2474526
2022-08-11,77.27196502685547,79.46862030029297,77.15899658203125,78.05020904541016,72.5318603515625,2742286
2022-08-12,78.66527557373047,79.07949829101562,78.05020904541016,78.70292663574219,73.13843536376953,1742151
2022-08-15,77.67363739013672,78.99163055419922,77.635986328125,78.70292663574219,73.13843536376953,1131028
2022-08-16,78.15062713623047,79.35565185546875,78.0125503540039,78.67782592773438,73.11510467529297,1465707
2022-08-17,77.52301025390625,77.93724060058594,76.85774230957031,77.76150512695312,72.26355743408203,2055400
2022-08-18,77.72384643554688,78.02510833740234,77.04602813720703,77.76150512695312,72.26355743408203,1669973
2022-08-19,77.1966552734375,77.6485366821289,75.4518814086914,75.91632080078125,70.54884338378906,1535814
2022-08-22,74.35983276367188,74.44770050048828,72.92887115478516,73.12970733642578,67.9592514038086,2352557
2022-08-23,73.26778411865234,75.16317749023438,73.26778411865234,74.52301025390625,69.25404357910156,1766927
2022-08-24,74.78661346435547,74.9874496459961,74.09623718261719,74.48535919189453,69.21905517578125,1133019
2022-08-25,75.12552642822266,76.09204864501953,74.5732192993164,76.05438995361328,70.67716217041016,1482358
2022-08-26,76.41841125488281,76.82008361816406,72.53974914550781,72.57740783691406,67.44599914550781,2021781
2022-08-29,71.88703155517578,73.01673889160156,71.42259216308594,72.72803497314453,67.58597564697266,1658421
2022-08-30,73.34309387207031,73.80753326416016,71.37238311767578,71.67363739013672,66.60613250732422,1473037
2022-08-31,71.81171417236328,71.81171417236328,69.81590270996094,69.84100341796875,64.90306854248047,3108434
2022-09-01,69.32636260986328,69.55229949951172,67.95816040039062,69.32636260986328,64.42479705810547,2512607
2022-09-02,70.78242492675781,70.78242492675781,68.27196502685547,68.73640441894531,63.87657165527344,1845160
2022-09-06,69.37657165527344,69.8912124633789,67.65690612792969,68.09623718261719,63.28166580200195,1926260
2022-09-07,68.07112884521484,70.80753326416016,67.7698745727539,70.61924743652344,65.62628173828125,2369765
2022-09-08,69.70292663574219,72.15062713623047,69.27615356445312,72.0878677368164,66.99108123779297,2478589
2022-09-09,73.04183959960938,73.80753326416016,72.70292663574219,73.29288482666016,68.11088562011719,2150124
2022-09-12,73.94561004638672,75.05020904541016,73.49372100830078,74.74895477294922,69.4640121459961,3685380
2022-09-13,72.26359558105469,73.15481567382812,70.64434814453125,71.1087875366211,66.08120727539062,2312883
2022-09-14,70.98326110839844,70.98326110839844,69.10041809082031,70.05438995361328,65.10136413574219,2884411
2022-09-15,70.09204864501953,71.00836944580078,68.93724060058594,69.20083618164062,64.30815887451172,2212423
2022-09-16,67.88284301757812,69.0753173828125,66.58995819091797,67.75732421875,62.966697692871094,5002190
2022-09-19,67.21757507324219,69.878662109375,67.05438995361328,69.4518814086914,64.54145812988281,3202759
2022-09-20,68.4728012084961,68.66108703613281,67.39330291748047,68.09623718261719,63.28166580200195,1835361
2022-09-21,68.84937286376953,68.97489166259766,66.66527557373047,66.71548461914062,61.99852752685547,1919090
2022-09-22,67.07949829101562,67.2301254272461,65.53556823730469,65.88703155517578,61.2286491394043,1931678
2022-09-23,64.55648803710938,64.87029266357422,62.58577346801758,63.69037628173828,59.18730545043945,2739816
2022-09-26,63.13807678222656,64.58158874511719,62.510459899902344,62.82426834106445,58.38243103027344,2420273
2022-09-27,63.451881408691406,63.878662109375,62.15899658203125,62.87447738647461,58.42908477783203,2540012
2022-09-28,63.28870391845703,64.58158874511719,62.72385025024414,64.3305435180664,59.78221130371094,2139289
2022-09-29,63.389122009277344,63.69037628173828,62.5606689453125,63.57740783691406,59.08231735229492,2697274
2022-09-30,63.40167236328125,64.51882934570312,63.10041809082031,63.26359939575195,58.79070281982422,2845215
2022-10-03,64.63179779052734,66.8033447265625,64.14225769042969,65.81171417236328,61.158660888671875,3437139
2022-10-04,67.02928924560547,68.77405548095703,66.99163055419922,68.68619537353516,63.82990646362305,2740215
2022-10-05,67.63179779052734,68.88703155517578,67.09204864501953,68.35983276367188,63.526634216308594,1792341
2022-10-06,67.58158874511719,68.37238311767578,66.62761688232422,66.75313568115234,62.03351593017578,1853525
2022-10-07,65.87447357177734,66.81590270996094,65.24686431884766,65.72384643554688,61.07700729370117,3207858
2022-10-10,66.22594451904297,66.28870391845703,64.60669708251953,64.93305206298828,60.34212112426758,1630617
2022-10-11,64.20502471923828,66.12552642822266,63.50209045410156,65.02091979980469,60.42377471923828,2273288
2022-10-12,64.88284301757812,65.41004180908203,64.3305435180664,64.74476623535156,60.16714096069336,1837910
2022-10-13,63.61506271362305,67.5941390991211,63.012550354003906,66.91632080078125,62.185157775878906,3047170
2022-10-14,67.56903839111328,67.84518432617188,65.22175598144531,65.39749145507812,60.773719787597656,1948248
2022-10-17,67.12970733642578,68.1087875366211,66.3514633178711,66.8033447265625,62.08017349243164,2160640
2022-10-18,68.5606689453125,69.4267807006836,67.84518432617188,69.25104522705078,64.35482788085938,2600798
2022-10-19,68.76150512695312,69.40167236328125,67.61924743652344,67.90795135498047,63.10667419433594,1886427
2022-10-20,67.93305206298828,69.364013671875,67.16736602783203,67.48117065429688,62.71007537841797,1742708
2022-10-21,67.49372100830078,69.91632080078125,67.3054428100586,69.76569366455078,64.83307647705078,2046159
2022-10-24,70.29288482666016,70.64434814453125,69.0878677368164,70.3054428100586,65.33465576171875,1670849
2022-10-25,69.94142150878906,71.52301025390625,69.94142150878906,71.49790954589844,66.44283294677734,3025979
2022-10-26,72.15062713623047,72.61506652832031,71.1966552734375,71.66108703613281,66.59446716308594,2413661
2022-10-27,71.9246826171875,72.31380462646484,70.6945571899414,71.25941467285156,66.22120666503906,1970714
2022-10-28,71.51045989990234,72.40167236328125,71.25941467285156,72.25104522705078,67.1427001953125,1765174
2022-10-31,72.0,72.47698974609375,71.33472442626953,71.79916381835938,66.7227783203125,2342041
2022-11-01,74.05857849121094,74.6485366821289,72.64016723632812,73.6820068359375,68.47248840332031,3402882
2022-11-02,78.22594451904297,80.66108703613281,75.85355377197266,75.99163055419922,70.61880493164062,7065955
2022-11-03,74.83682250976562,76.55648803710938,74.48535919189453,74.82426452636719,69.53399658203125,4085227
2022-11-04,77.121337890625,78.67782592773438,75.90376281738281,77.73640441894531,72.240234375,3793647
2022-11-07,77.89958190917969,78.12552642822266,76.36820220947266,77.49790954589844,72.01860809326172,3476175
2022-11-08,82.79497528076172,85.92050170898438,81.55229949951172,83.1966552734375,77.3144302368164,6253674
2022-11-09,82.99581909179688,84.70292663574219,82.65690612792969,84.13807678222656,78.18930053710938,4736741
2022-11-10,86.46025085449219,89.39749145507812,86.1087875366211,87.4267807006836,81.2454833984375,4764784
2022-11-11,87.76569366455078,89.94979095458984,87.06275939941406,88.88284301757812,82.59860229492188,3581654
2022-11-14,88.17991638183594,90.67782592773438,88.07949829101562,88.58158874511719,82.31864929199219,2593628
2022-11-15,89.44770050048828,89.84937286376953,87.81590270996094,88.70711517333984,82.43528747558594,2539216
2022-11-16,88.64434814453125,89.09623718261719,86.71129608154297,86.77405548095703,80.63892364501953,2260303
2022-11-17,85.5941390991211,87.0753173828125,83.9121322631836,87.03765869140625,80.88386535644531,2843941
2022-11-18,88.12970733642578,88.2301254272461,86.1087875366211,87.0878677368164,80.9305419921875,2258709
2022-11-21,86.30962371826172,88.20502471923828,85.98326110839844,87.57740783691406,81.38545989990234,1753304
2022-11-22,87.99163055419922,89.34728240966797,87.99163055419922,89.29707336425781,82.98353576660156,1688933
2022-11-23,89.29707336425781,90.25104522705078,89.00836944580078,90.13807678222656,83.76509094238281,1192610
2022-11-25,89.71129608154297,90.5271987915039,89.22175598144531,89.43514251708984,83.11185455322266,837376
2022-11-28,88.05438995361328,88.79497528076172,86.68619537353516,87.05020904541016,80.89554595947266,2157214
2022-11-29,86.88703155517578,87.97908020019531,86.66108703613281,87.18828582763672,81.41124725341797,2018753
2022-11-30,87.16317749023438,88.54393005371094,85.88284301757812,88.50627899169922,82.64189910888672,3034105
2022-12-01,88.3054428100586,88.87029266357422,87.40167236328125,88.39330291748047,82.53641510009766,3701473
2022-12-02,87.364013671875,89.89958190917969,86.9246826171875,89.82426452636719,83.87256622314453,1992862
2022-12-05,88.6945571899414,89.39749145507812,88.2301254272461,88.39330291748047,82.53641510009766,1541231
2022-12-06,88.75732421875,89.14644622802734,87.0,87.82845306396484,82.00900268554688,1621137
2022-12-07,87.66527557373047,88.80753326416016,87.16317749023438,87.48954010009766,81.69253540039062,1849541
2022-12-08,88.3179931640625,88.74476623535156,87.31380462646484,87.67782592773438,81.86833953857422,1532707
2022-12-09,87.47698974609375,87.97908020019531,86.38493347167969,86.4728012084961,80.74315643310547,1344853
2022-12-12,86.38493347167969,87.74058532714844,86.18409729003906,87.70292663574219,81.89176940917969,1902042
2022-12-13,90.0,90.18828582763672,88.20502471923828,88.94561004638672,83.0521240234375,1983142
2022-12-14,88.55648803710938,89.5481185913086,86.61087799072266,87.41422271728516,81.62220001220703,2153549
2022-12-15,86.1966552734375,86.32217407226562,84.77824401855469,85.11715698242188,79.47735595703125,2569887
2022-12-16,84.5271987915039,86.25941467285156,84.0753173828125,85.24267578125,79.59456634521484,3695896
2022-12-19,85.02928924560547,85.70711517333984,84.18828582763672,84.8033447265625,79.184326171875,3422878
2022-12-20,85.17991638183594,86.0334701538086,84.70292663574219,84.74058532714844,79.12572479248047,1701361
2022-12-21,85.63179779052734,86.1966552734375,85.51882934570312,85.75732421875,80.07508850097656,1625439
2022-12-22,84.70292663574219,84.84100341796875,83.23430633544922,84.7907943725586,79.17259979248047,1981310
2022-12-23,84.67782592773438,86.34728240966797,84.60250854492188,86.27196502685547,80.5556411743164,1202489
2022-12-27,86.29707336425781,87.02510833740234,86.17154693603516,86.33472442626953,80.61422729492188,1171259
2022-12-28,86.59832763671875,86.9246826171875,85.02928924560547,85.10460662841797,79.46563720703125,1018459
2022-12-29,85.35565185546875,86.71129608154297,85.35565185546875,86.08367919921875,80.37983703613281,917441
2022-12-30,85.41841125488281,86.18409729003906,85.26778411865234,86.14644622802734,80.43843841552734,1147041
2023-01-03,86.67363739013672,87.32636260986328,85.63179779052734,86.43514251708984,80.70799255371094,1415039
2023-01-04,87.46443176269531,89.09623718261719,87.15062713623047,88.53137969970703,82.66534423828125,2037953
2023-01-05,87.364013671875,89.02091979980469,86.9121322631836,88.95816040039062,83.06385803222656,2063765
2023-01-06,90.10041809082031,91.4058609008789,89.121337890625,90.9665298461914,84.93914031982422,2698788
2023-01-09,91.41841125488281,93.10041809082031,91.24267578125,92.23430633544922,86.12290954589844,2607809
2023-01-10,92.07112884521484,92.9246826171875,91.43096160888672,92.78661346435547,86.63863372802734,1424759
2023-01-11,93.50209045410156,94.15481567382812,92.97489166259766,94.01673889160156,87.78724670410156,1793058
2023-01-12,93.64016723632812,94.61924743652344,92.97489166259766,93.82845306396484,87.61144256591797,2073405
2023-01-13,92.74895477294922,94.61924743652344,92.48535919189453,94.39330291748047,88.13885498046875,2735913
2023-01-17,93.28870391845703,93.76569366455078,92.83682250976562,93.30125427246094,87.11917114257812,2786740
2023-01-18,93.95397186279297,94.35565185546875,91.6694564819336,91.85774230957031,85.77130889892578,5963209
2023-01-19,91.35565185546875,91.58158874511719,90.32636260986328,91.38075256347656,85.32592010498047,2933088
2023-01-20,91.46862030029297,92.9121322631836,90.8033447265625,92.84937286376953,86.69722747802734,2947746
2023-01-23,92.67363739013672,94.56903839111328,92.18409729003906,94.51882934570312,88.25605773925781,1686862
2023-01-24,93.15062713623047,94.28033447265625,92.87447357177734,94.06694793701172,87.8341293334961,2443377
2023-01-25,92.62342834472656,93.11296844482422,91.60669708251953,92.29707336425781,86.1815185546875,2543836
2023-01-26,91.84518432617188,92.62342834472656,90.50209045410156,92.5481185913086,86.41594696044922,2497152
2023-01-27,91.70711517333984,93.12552642822266,91.70711517333984,92.32217407226562,86.2049560546875,1729802
2023-01-30,91.75732421875,92.33472442626953,90.94142150878906,91.19246673583984,85.15010833740234,2025127
2023-01-31,91.51882934570312,92.88703155517578,90.71548461914062,92.82426452636719,86.67378234863281,2179680
2023-02-01,92.30962371826172,93.878662109375,91.45606994628906,93.06275939941406,86.89646911621094,2863140
2023-02-02,93.15062713623047,93.77824401855469,91.92050170898438,93.56485748291016,87.36529541015625,2295117
2023-02-03,92.27196502685547,93.12552642822266,91.43096160888672,91.60669708251953,85.53689575195312,2259665
2023-02-06,91.17991638183594,91.3054428100586,90.13807678222656,90.82845306396484,84.81021881103516,2445846
2023-02-07,94.51882934570312,97.64434814453125,94.50627899169922,97.64434814453125,91.17449188232422,6293109
2023-02-08,96.91632080078125,97.39330291748047,96.33891296386719,96.5271987915039,90.13137817382812,2592513
2023-02-09,97.70711517333984,98.41004180908203,94.48117065429688,95.09623718261719,88.79521942138672,2708109
2023-02-10,94.64434814453125,95.25941467285156,94.00418090820312,95.15899658203125,88.85382080078125,1578117
2023-02-13,95.17154693603516,96.15062713623047,94.6945571899414,95.86192321777344,89.51016998291016,1942990
2023-02-14,95.49790954589844,96.65271759033203,94.95816040039062,95.97489166259766,89.61564636230469,1573974
2023-02-15,95.73640441894531,95.9121322631836,94.94561004638672,95.82426452636719,89.47502136230469,1214996
2023-02-16,94.36820220947266,96.0125503540039,94.17991638183594,94.73221588134766,88.45531463623047,1550154
2023-02-17,94.10460662841797,94.41841125488281,93.41422271728516,94.24267578125,87.99820709228516,1635079
2023-02-21,93.28870391845703,93.90376281738281,91.28033447265625,91.58158874511719,85.5134506225586,2468073
2023-02-22,91.70711517333984,92.46025085449219,91.21757507324219,91.51882934570312,85.45484924316406,1902838
2023-02-23,91.99581909179688,92.5732192993164,90.5271987915039,91.43096160888672,85.37279510498047,1594767
2023-02-24,90.13807678222656,92.0334701538086,89.69874572753906,91.53137969970703,85.4665756225586,2321726
2023-02-27,92.0334701538086,92.46025085449219,91.58158874511719,91.6694564819336,86.0201644897461,1890251
2023-02-28,91.56903839111328,92.02091979980469,90.878662109375,91.6694564819336,86.0201644897461,2419795
2023-03-01,91.54393005371094,93.364013671875,91.44351196289062,92.4728012084961,86.77401733398438,2087665
2023-03-02,92.25941467285156,94.12970733642578,91.63179779052734,94.02928924560547,88.23458099365234,1840459
2023-03-03,94.61924743652344,94.61924743652344,93.4267807006836,93.70292663574219,87.9283218383789,2259665
2023-03-06,93.21338653564453,93.4267807006836,91.00418090820312,91.38075256347656,85.749267578125,2621432
2023-03-07,91.02928924560547,91.02928924560547,88.65690612792969,89.28451538085938,83.78221130371094,2963202
2023-03-08,89.41004180908203,91.02928924560547,89.07112884521484,90.50209045410156,84.92475891113281,2348733
2023-03-09,91.02928924560547,91.24267578125,88.58158874511719,88.89539337158203,83.41706848144531,2823865
2023-03-10,88.55648803710938,89.38493347167969,87.30125427246094,88.29288482666016,82.8516845703125,2800443
2023-03-13,87.22594451904297,87.84100341796875,86.05857849121094,86.9246826171875,81.56779479980469,2489504
2023-03-14,88.43096160888672,89.39749145507812,87.31380462646484,88.24267578125,82.8045654296875,2369526
2023-03-15,86.07112884521484,86.30962371826172,84.16317749023438,85.15481567382812,79.9070053100586,3950590
2023-03-16,84.3514633178711,87.30125427246094,83.97489166259766,86.88703155517578,81.53247833251953,3498641
2023-03-17,86.53556823730469,86.53556823730469,84.62761688232422,84.7907943725586,79.5654067993164,11627031
2023-03-20,85.36820220947266,87.05020904541016,85.35565185546875,86.52301025390625,81.19087982177734,2775188
2023-03-21,88.10460662841797,88.46862030029297,87.03765869140625,87.4518814086914,82.06250762939453,2686758
2023-03-22,87.02510833740234,87.99163055419922,85.56903839111328,85.60669708251953,80.33103942871094,2313839
2023-03-23,85.74476623535156,86.9874496459961,84.74058532714844,85.80753326416016,80.5195083618164,1992941
2023-03-24,85.02928924560547,86.49790954589844,83.88703155517578,86.1087875366211,80.80217742919922,1739362
2023-03-27,86.79916381835938,87.21338653564453,86.38493347167969,86.53556823730469,81.20266723632812,1385005
2023-03-28,86.61087799072266,87.48954010009766,86.39749145507812,87.33891296386719,81.9565200805664,1642328
2023-03-29,88.39330291748047,89.24686431884766,88.00418090820312,88.90795135498047,83.42884826660156,1926101
2023-03-30,89.6485366821289,89.72384643554688,88.45606994628906,88.65690612792969,83.19327545166016,1633167
2023-03-31,88.7698745727539,90.18828582763672,88.70711517333984,90.0878677368164,84.53604888916016,1991109
2023-04-03,90.38912200927734,91.45606994628906,90.02510833740234,90.23849487304688,84.67739868164062,2849597
2023-04-04,89.82426452636719,89.9874496459961,87.55229949951172,88.14225769042969,82.71033477783203,2424416
2023-04-05,87.25104522705078,88.39330291748047,86.9874496459961,88.3179931640625,82.87525177001953,2652263
2023-04-06,87.84100341796875,88.16736602783203,86.79916381835938,87.41422271728516,82.02716827392578,2301092
2023-04-10,86.82426452636719,87.67782592773438,86.51045989990234,87.62761688232422,82.2274169921875,1803175
2023-04-11,88.14225769042969,89.1966552734375,87.9665298461914,88.71966552734375,83.25216674804688,1600185
2023-04-12,89.79916381835938,90.17573547363281,88.48117065429688,88.90795135498047,83.42884826660156,2448396
2023-04-13,88.79497528076172,89.67363739013672,88.29288482666016,89.46025085449219,83.9471206665039,2099057
2023-04-14,89.43514251708984,90.18828582763672,87.94142150878906,88.44351196289062,82.99302673339844,2409200
2023-04-17,88.49372100830078,89.32217407226562,88.3305435180664,89.30962371826172,83.80575561523438,2123435
2023-04-18,90.0753173828125,90.31380462646484,89.08367919921875,89.9121322631836,84.37115478515625,2473969
2023-04-19,89.5481185913086,89.6485366821289,88.98326110839844,89.38493347167969,83.87643432617188,1297292
2023-04-20,88.50627899169922,89.15899658203125,87.76569366455078,88.2301254272461,82.79278564453125,2075476
2023-04-21,87.81590270996094,87.92887115478516,87.02510833740234,87.72803497314453,82.32166290283203,2880269
2023-04-24,87.82845306396484,88.5941390991211,87.65271759033203,88.55648803710938,83.09904479980469,2351362
2023-04-25,87.30125427246094,87.5271987915039,85.21757507324219,85.34309387207031,80.08368682861328,2805223
2023-04-26,85.10460662841797,85.56903839111328,83.88703155517578,84.56485748291016,79.3534164428711,2516192
2023-04-27,84.82845306396484,86.46025085449219,84.61506652832031,86.23430633544922,80.91997528076172,2168527
2023-04-28,85.99581909179688,87.8912124633789,85.99581909179688,87.51464080810547,82.12140655517578,2713845
2023-05-01,87.61506652832031,88.45606994628906,86.82426452636719,87.0878677368164,81.72093200683594,2025525
2023-05-02,80.29707336425781,81.70292663574219,78.82845306396484,81.62761688232422,76.59717559814453,7800084
2023-05-03,81.50209045410156,82.63179779052734,80.66108703613281,80.83682250976562,75.85511016845703,3745449
2023-05-04,80.30962371826172,80.9246826171875,79.39330291748047,80.41004180908203,75.45463562011719,2450069
2023-05-05,81.40167236328125,82.44351196289062,81.20083618164062,82.2301254272461,77.16255950927734,2102881
2023-05-08,82.65690612792969,82.75732421875,81.02510833740234,81.30125427246094,76.29092407226562,1884117
2023-05-09,80.44770050048828,80.96234130859375,79.88284301757812,80.67363739013672,75.70199584960938,1618747
2023-05-10,81.58995819091797,81.75313568115234,79.4058609008789,80.51045989990234,75.54886627197266,1877345
2023-05-11,79.83263397216797,80.17154693603516,79.55648803710938,80.15899658203125,75.21907043457031,1650136
2023-05-12,80.53556823730469,80.94979095458984,79.35565185546875,80.04602813720703,75.1130599975586,1537328
2023-05-15,81.8661117553711,82.49372100830078,80.72384643554688,82.36820220947266,77.29212951660156,2859237
2023-05-16,81.878662109375,82.05438995361328,81.03765869140625,81.58995819091797,76.56185913085938,1714666
2023-05-17,81.95397186279297,82.79497528076172,81.37657165527344,82.34309387207031,77.2685546875,1888259
2023-05-18,82.11715698242188,84.0878677368164,81.70292663574219,83.96234130859375,78.78803253173828,3290871
2023-05-19,84.38912200927734,84.57740783691406,83.41004180908203,83.78661346435547,78.62312316894531,2420911
2023-05-22,83.67363739013672,84.81590270996094,83.2092056274414,84.20083618164062,79.01182556152344,1466982
2023-05-23,83.94979095458984,85.4058609008789,83.9246826171875,84.58995819091797,79.376953125,2019391
2023-05-24,84.10041809082031,84.37657165527344,82.80753326416016,83.18409729003906,78.05774688720703,3781538
2023-05-25,83.22175598144531,83.9874496459961,82.65690612792969,83.51045989990234,78.36400604248047,2072289
2023-05-26,83.97489166259766,85.3305435180664,83.635986328125,84.85355377197266,79.62431335449219,3856345
2023-05-30,84.91632080078125,86.52301025390625,84.51464080810547,86.25941467285156,81.37689971923828,3662277
2023-05-31,85.73221588134766,86.121337890625,84.13807678222656,84.33891296386719,79.5650863647461,5056045
2023-06-01,84.51464080810547,85.50627899169922,84.21338653564453,84.65271759033203,79.86114501953125,3591134
2023-06-02,89.74895477294922,92.00836944580078,89.24686431884766,90.84100341796875,85.69916534423828,6579909
2023-06-05,90.82845306396484,91.06694793701172,89.78661346435547,89.83682250976562,84.75181579589844,3275654
2023-06-06,89.37238311767578,91.10460662841797,88.78242492675781,89.17154693603516,84.12419891357422,2732726
2023-06-07,88.90795135498047,90.27615356445312,88.73221588134766,89.15899658203125,84.11236572265625,2737984
2023-06-08,89.121337890625,89.25941467285156,87.61506652832031,88.41841125488281,83.41368103027344,2447041
2023-06-09,88.20502471923828,88.36820220947266,87.28870391845703,87.4518814086914,82.50186157226562,2245007
2023-06-12,87.364013671875,88.34309387207031,87.02510833740234,87.51464080810547,82.56108093261719,2391753
2023-06-13,88.26778411865234,89.38493347167969,87.8661117553711,88.83263397216797,83.80447387695312,2609083
2023-06-14,88.78242492675781,89.0334701538086,87.46443176269531,87.7907943725586,82.82159423828125,3476653
2023-06-15,87.32636260986328,87.878662109375,86.1087875366211,87.50209045410156,82.54922485351562,3912828
2023-06-16,87.76569366455078,87.878662109375,85.99581909179688,87.12552642822266,82.19400024414062,6275582
2023-06-20,85.71966552734375,86.5732192993164,84.55229949951172,86.23430633544922,81.35321807861328,4179871
2023-06-21,85.53137969970703,86.44770050048828,84.67782592773438,85.88284301757812,81.02165222167969,3428296
2023-06-22,85.35565185546875,85.56903839111328,84.48954010009766,85.15481567382812,80.33482360839844,2119611
2023-06-23,84.28870391845703,85.29288482666016,83.62342834472656,85.07949829101562,80.2637710571289,2824821
2023-06-26,85.05438995361328,86.1966552734375,84.97908020019531,85.10460662841797,80.28746795654297,2029508
2023-06-27,85.29288482666016,86.87447357177734,85.10460662841797,86.86192321777344,81.94532012939453,2487910
2023-06-28,86.62342834472656,87.75313568115234,85.83263397216797,87.4518814086914,82.50186157226562,2634178
2023-06-29,87.11296844482422,89.07112884521484,87.11296844482422,88.94561004638672,83.91104888916016,2671940
2023-06-30,89.58577728271484,90.12552642822266,89.33472442626953,89.67363739013672,84.59786987304688,2230268
2023-07-03,89.43514251708984,90.47698974609375,89.43514251708984,89.83682250976562,84.75181579589844,985636
2023-07-05,88.84518432617188,88.90795135498047,87.55229949951172,87.60250854492188,82.64398193359375,2654892
2023-07-06,86.9121322631836,87.4267807006836,85.36820220947266,87.32636260986328,82.38346099853516,2694566
2023-07-07,87.58995819091797,89.32217407226562,87.58995819091797,88.38075256347656,83.37816619873047,2440987
2023-07-10,88.50627899169922,89.62342834472656,87.69037628173828,88.26778411865234,83.27159118652344,2276395
2023-07-11,88.83263397216797,89.67363739013672,87.90376281738281,89.5481185913086,84.47943878173828,1630617
2023-07-12,90.37657165527344,91.71966552734375,89.9121322631836,91.16736602783203,86.00704193115234,3228412
2023-07-13,91.45606994628906,92.34728240966797,91.06694793701172,91.88284301757812,86.6820297241211,2655290
2023-07-14,91.75732421875,91.75732421875,90.61506652832031,91.14225769042969,85.98336029052734,1595405
2023-07-17,90.62761688232422,91.3179931640625,90.62761688232422,91.10460662841797,85.94783020019531,1936139
2023-07-18,91.74476623535156,93.70292663574219,90.7907943725586,93.57740783691406,88.28069305419922,2220469
2023-07-19,93.82845306396484,94.6945571899414,93.57740783691406,94.34309387207031,89.00302124023438,2731212
2023-07-20,94.84518432617188,94.97071075439453,93.90376281738281,94.6694564819336,89.31092071533203,1921560
2023-07-21,94.6694564819336,94.97071075439453,93.7907943725586,94.3054428100586,88.96749877929688,3048923
2023-07-24,94.14225769042969,95.23430633544922,93.82845306396484,94.75732421875,89.39379119873047,2046796
2023-07-25,95.39749145507812,96.77824401855469,95.1087875366211,96.40167236328125,90.94507598876953,2039945
2023-07-26,96.03765869140625,96.91632080078125,95.66108703613281,96.18828582763672,90.74375915527344,1782462
2023-07-27,96.65271759033203,98.83682250976562,96.20083618164062,97.6694564819336,92.14110565185547,2620316
2023-07-28,98.1966552734375,98.29707336425781,96.17573547363281,97.02928924560547,91.96265411376953,2474686
2023-07-31,97.28033447265625,97.49372100830078,96.46443176269531,97.44351196289062,92.35523986816406,1920763
2023-08-01,97.21757507324219,97.84518432617188,96.58995819091797,96.70292663574219,91.65333557128906,2586617
2023-08-02,96.65271759033203,97.56903839111328,94.98326110839844,95.87447357177734,90.86813354492188,3406308
2023-08-03,95.76150512695312,98.0334701538086,94.65690612792969,96.81590270996094,91.76040649414062,2774232
2023-08-04,97.02928924560547,98.73640441894531,96.62761688232422,96.69037628173828,91.64143371582031,2254726
2023-08-07,97.19246673583984,98.61087799072266,96.90376281738281,98.00836944580078,92.89059448242188,2212025
2023-08-08,97.02928924560547,98.44770050048828,96.53974914550781,97.39330291748047,92.30766296386719,2445846
2023-08-09,97.28033447265625,97.65690612792969,95.53556823730469,95.87447357177734,90.86813354492188,2153948
2023-08-10,96.46443176269531,97.20502471923828,95.4728012084961,95.5732192993164,90.58260345458984,1374011
2023-08-11,95.28451538085938,96.23849487304688,95.2092056274414,95.79916381835938,90.79676818847656,1471921
2023-08-14,95.39749145507812,96.47698974609375,95.05857849121094,96.26359558105469,91.23693084716797,1570150
2023-08-15,95.35983276367188,95.78661346435547,94.02928924560547,94.45606994628906,89.52378845214844,1436788
2023-08-16,94.17991638183594,94.97071075439453,93.77824401855469,93.84100341796875,88.94084930419922,1200019
2023-08-17,94.36820220947266,95.39749145507812,93.60250854492188,93.92887115478516,89.02413177490234,2309059
2023-08-18,93.28870391845703,95.121337890625,93.13807678222656,94.64434814453125,89.7022476196289,2727070
2023-08-21,95.08367919921875,95.30962371826172,93.37657165527344,93.8912124633789,88.9884262084961,1724305
2023-08-22,94.21757507324219,94.39330291748047,92.59832763671875,92.74895477294922,87.90583038330078,1999155
2023-08-23,93.71548461914062,93.97908020019531,92.73640441894531,93.53974914550781,88.65532684326172,1489607
2023-08-24,93.32636260986328,94.49372100830078,93.18828582763672,93.20083618164062,88.33409881591797,1483712
2023-08-25,93.81590270996094,94.36820220947266,93.03765869140625,93.69037628173828,88.79808044433594,1275702
2023-08-28,93.94142150878906,95.121337890625,93.85355377197266,94.75732421875,89.809326171875,1283510
2023-08-29,95.07112884521484,96.32636260986328,94.83263397216797,96.28870391845703,91.26073455810547,1342782
2023-08-30,96.02510833740234,97.10460662841797,95.96234130859375,96.64016723632812,91.5938491821289,1327645
2023-08-31,96.90376281738281,97.39330291748047,96.48954010009766,96.51464080810547,91.47486877441406,1950798
2023-09-01,97.05438995361328,98.00836944580078,96.97908020019531,97.87029266357422,92.75973510742188,1553978
2023-09-05,97.54393005371094,97.54393005371094,94.51882934570312,94.63179779052734,89.69034576416016,1318165
2023-09-06,94.28033447265625,95.62342834472656,94.21757507324219,95.34728240966797,90.36846923828125,1242242
2023-09-07,95.42259216308594,95.86192321777344,93.99163055419922,94.84518432617188,89.89258575439453,2051098
2023-09-08,94.60669708251953,95.121337890625,94.15481567382812,94.65690612792969,89.7141342163086,1245509
2023-09-11,95.35983276367188,95.9246826171875,94.53137969970703,94.6820068359375,89.73792266845703,1497335
2023-09-12,94.15481567382812,95.37238311767578,94.04183959960938,94.38075256347656,89.45240020751953,1673717
2023-09-13,94.39330291748047,94.75732421875,92.86192321777344,93.11296844482422,88.2508316040039,1713789
2023-09-14,94.11715698242188,94.89539337158203,93.17573547363281,94.35565185546875,89.42861938476562,1290600
2023-09-15,94.28033447265625,94.79497528076172,93.23849487304688,93.58995819091797,88.70291137695312,2906399
2023-09-18,93.57740783691406,94.89539337158203,93.0753173828125,93.8661117553711,88.96464538574219,1305099
2023-09-19,93.82845306396484,94.44351196289062,92.87447357177734,93.47698974609375,88.59583282470703,2595620
2023-09-20,94.25523376464844,94.5941390991211,92.81171417236328,92.88703155517578,88.03668975830078,1238418
2023-09-21,92.22175598144531,92.53556823730469,91.38075256347656,91.45606994628906,86.68045043945312,1624403
2023-09-22,91.82008361816406,92.23430633544922,91.3054428100586,91.43096160888672,86.65664672851562,1542028
2023-09-25,90.878662109375,92.42259216308594,90.878662109375,92.08367919921875,87.2752914428711,1426511
2023-09-26,91.25523376464844,92.32217407226562,90.82845306396484,91.35565185546875,86.58527374267578,2005688
2023-09-27,91.80753326416016,92.89958190917969,91.41841125488281,92.22175598144531,87.40615844726562,1608151
2023-09-28,92.2092056274414,93.9665298461914,92.2092056274414,93.56485748291016,88.67911529541016,1691244
2023-09-29,94.28033447265625,94.71966552734375,93.47698974609375,93.62761688232422,88.73859405517578,1845080
2023-10-02,92.78661346435547,93.32636260986328,91.2301254272461,92.0334701538086,87.22769927978516,2278865
2023-10-03,91.44351196289062,93.50209045410156,91.39330291748047,92.24686431884766,87.4299545288086,2449670
2023-10-04,92.82426452636719,92.82426452636719,91.46862030029297,92.48535919189453,87.6559829711914,2185735
2023-10-05,91.94561004638672,92.96234130859375,91.63179779052734,92.44770050048828,87.62030029296875,2469428
2023-10-06,92.07112884521484,95.14644622802734,92.07112884521484,94.51882934570312,89.58326721191406,2225409
2023-10-09,93.97908020019531,94.83263397216797,93.55229949951172,94.48117065429688,89.54759216308594,1284545
2023-10-10,94.70711517333984,96.50209045410156,94.6694564819336,95.68619537353516,90.689697265625,2134987
2023-10-11,95.82426452636719,96.4267807006836,95.18409729003906,95.9246826171875,90.91571807861328,1910566
2023-10-12,96.66527557373047,96.66527557373047,94.4058609008789,95.23430633544922,90.26140594482422,1549357
2023-10-13,95.44770050048828,96.05020904541016,94.19246673583984,94.63179779052734,89.69034576416016,1947213
2023-10-16,95.52301025390625,96.0,94.44351196289062,94.50627899169922,89.5713882446289,1875831
2023-10-17,93.51464080810547,95.46025085449219,93.51464080810547,94.98326110839844,90.0234603881836,1556448
2023-10-18,94.15481567382812,94.15481567382812,93.02510833740234,93.16317749023438,88.29842376708984,1551429
2023-10-19,92.88703155517578,94.50627899169922,92.74895477294922,92.86192321777344,88.01289367675781,2313201
2023-10-20,92.9121322631836,93.12552642822266,91.55648803710938,91.64434814453125,86.85889434814453,2101527
2023-10-23,91.2301254272461,91.73221588134766,90.56485748291016,90.72803497314453,85.99042510986328,2007998
2023-10-24,91.25523376464844,92.04602813720703,90.70292663574219,91.38075256347656,86.60906982421875,1271082
2023-10-25,91.04183959960938,91.16736602783203,89.82426452636719,89.9246826171875,85.22901916503906,1801980
2023-10-26,90.48954010009766,91.60669708251953,90.4518814086914,90.65271759033203,85.9190444946289,1279287
2023-10-27,90.99163055419922,91.20502471923828,90.06275939941406,90.56485748291016,85.83577728271484,1968165
2023-10-30,90.65271759033203,91.78242492675781,90.53974914550781,91.49372100830078,86.71613311767578,1770353
2023-10-31,91.51882934570312,91.92050170898438,91.34309387207031,91.48117065429688,86.7042465209961,2311449
2023-11-01,87.71548461914062,89.86192321777344,83.5481185913086,84.0,79.61372375488281,8561458
2023-11-02,84.65271759033203,86.08367919921875,84.5271987915039,85.51882934570312,81.05322265625,4853134
2023-11-03,86.24686431884766,88.15481567382812,86.24686431884766,87.4518814086914,82.8853530883789,2391673
2023-11-06,87.25104522705078,88.02928924560547,86.5481185913086,87.28870391845703,82.73068237304688,2587494
2023-11-07,86.73640441894531,86.78661346435547,85.34309387207031,85.89539337158203,81.41014099121094,2838922
2023-11-08,85.5941390991211,86.43514251708984,85.56903839111328,85.87029266357422,81.38634490966797,1881249
2023-11-09,86.23430633544922,86.38493347167969,85.05438995361328,85.14225769042969,80.69634246826172,1583056
2023-11-10,85.35565185546875,86.635986328125,84.77824401855469,86.28451538085938,81.7789306640625,2576340
2023-11-13,86.32217407226562,86.46025085449219,85.2301254272461,86.02091979980469,81.52910614013672,1822056
2023-11-14,87.20083618164062,88.85774230957031,87.20083618164062,88.34309387207031,83.73002624511719,2346502
2023-11-15,88.61924743652344,90.0753173828125,88.45606994628906,88.95816040039062,84.31297302246094,2157134
2023-11-16,88.49372100830078,89.08367919921875,88.04183959960938,88.60669708251953,83.97986602783203,2094038
2023-11-17,89.14644622802734,89.41004180908203,88.64434814453125,89.39749145507812,84.72936248779297,1594210
2023-11-20,89.28451538085938,89.86192321777344,88.75732421875,89.5732192993164,84.89591979980469,1575807
2023-11-21,89.38493347167969,89.48535919189453,88.85774230957031,88.93305206298828,84.28917694091797,1749719
2023-11-22,88.94561004638672,89.81171417236328,88.70711517333984,89.51045989990234,84.83642578125,1406435
2023-11-24,89.32217407226562,90.05020904541016,89.15899658203125,89.77405548095703,85.08626556396484,578300
2023-11-27,89.0334701538086,89.48535919189453,88.46862030029297,89.39749145507812,84.72936248779297,2251460
2023-11-28,89.62342834472656,90.4267807006836,89.121337890625,89.48535919189453,84.81265258789062,1962031
2023-11-29,89.5606689453125,90.33891296386719,89.46025085449219,89.67363739013672,85.4224624633789,1581941
2023-11-30,89.86192321777344,90.20083618164062,89.39749145507812,89.79916381835938,85.54203033447266,3465659
2023-12-01,89.86192321777344,91.28033447265625,89.46025085449219,90.8912124633789,86.58230590820312,3528676
2023-12-04,90.0753173828125,90.57740783691406,88.99581909179688,90.0753173828125,85.80509185791016,3549389
2023-12-05,89.38493347167969,89.77405548095703,88.41841125488281,88.97071075439453,84.75286865234375,2495638
2023-12-06,89.35983276367188,89.88703155517578,88.50627899169922,88.65690612792969,84.45391845703125,2141360
2023-12-07,89.02091979980469,89.68619537353516,88.53137969970703,88.7698745727539,84.56153869628906,2319893
2023-12-08,88.92050170898438,89.66108703613281,88.75732421875,88.98326110839844,84.76481628417969,1851453
2023-12-11,88.73221588134766,89.93724060058594,88.50627899169922,89.59832763671875,85.35071563720703,2265561
2023-12-12,89.52301025390625,89.52301025390625,88.71966552734375,89.00836944580078,84.78873443603516,1887144
2023-12-13,88.64434814453125,90.4393310546875,88.44351196289062,90.23849487304688,85.9605484008789,2990448
2023-12-14,90.90376281738281,92.5732192993164,90.8912124633789,92.15899658203125,87.79000091552734,3939517
2023-12-15,92.44770050048828,92.69874572753906,91.4058609008789,91.92050170898438,87.56280517578125,6836117
2023-12-18,92.43514251708984,92.74895477294922,91.6694564819336,92.37238311767578,87.99327087402344,3011002
2023-12-19,92.71129608154297,93.27615356445312,92.25941467285156,93.03765869140625,88.62700653076172,2575623
2023-12-20,92.82426452636719,93.21338653564453,91.92050170898438,91.97071075439453,87.61062622070312,2967822
2023-12-21,92.59832763671875,93.37657165527344,92.51045989990234,93.33891296386719,88.91398620605469,1613330
2023-12-22,93.7907943725586,95.635986328125,93.70292663574219,94.80753326416016,90.31295776367188,2514997
2023-12-26,94.92050170898438,96.47698974609375,94.87029266357422,96.03765869140625,91.48478698730469,2007202
2023-12-27,95.77405548095703,96.58995819091797,95.77405548095703,96.56485748291016,91.98699188232422,1607594
2023-12-28,96.48954010009766,97.16736602783203,96.41422271728516,96.70292663574219,92.11851501464844,1480446
2023-12-29,96.46443176269531,96.8033447265625,96.0753173828125,96.56485748291016,91.98699188232422,1372736
2024-01-02,96.0125503540039,97.58158874511719,96.0125503540039,97.29288482666016,92.68048858642578,2047433
2024-01-03,96.57740783691406,97.3305435180664,95.79916381835938,96.67782592773438,92.09458923339844,2299897
2024-01-04,96.4518814086914,97.07949829101562,95.93724060058594,96.10041809082031,91.54457092285156,2184380
2024-01-05,95.81171417236328,96.84100341796875,95.79916381835938,96.26359558105469,91.70000457763672,1727014
2024-01-08,95.38493347167969,96.33891296386719,95.38493347167969,96.23849487304688,91.67611694335938,1683197
2024-01-09,95.29707336425781,96.0125503540039,95.28451538085938,95.78661346435547,91.24563598632812,1783896
2024-01-10,95.27196502685547,95.93724060058594,95.09623718261719,95.62342834472656,91.0901870727539,1790110
2024-01-11,95.59832763671875,95.59832763671875,94.55648803710938,95.09623718261719,90.58799743652344,2226285
2024-01-12,95.81171417236328,95.81171417236328,94.39330291748047,94.80753326416016,90.31295776367188,1427866
2024-01-16,93.22594451904297,93.48954010009766,91.87029266357422,92.53556823730469,88.14871215820312,3480238
2024-01-17,91.43096160888672,92.23430633544922,91.28033447265625,91.73221588134766,87.38345336914062,2652900
2024-01-18,92.08367919921875,92.30962371826172,91.45606994628906,92.05857849121094,87.69434356689453,1927854
2024-01-19,92.04602813720703,92.71129608154297,91.45606994628906,92.48535919189453,88.10088348388672,2752722
2024-01-22,92.44770050048828,93.70292663574219,92.39749145507812,93.37657165527344,88.94984436035156,1618588
2024-01-23,93.72803497314453,93.878662109375,93.0,93.75313568115234,89.3085708618164,1577958
2024-01-24,80.89958190917969,83.4728012084961,80.23430633544922,80.58577728271484,76.76544189453125,16518883
2024-01-25,81.0753173828125,81.62761688232422,79.73221588134766,80.4728012084961,76.65782165527344,5575551
2024-01-26,81.11296844482422,81.97908020019531,80.76150512695312,81.17573547363281,77.32742309570312,3661002
2024-01-29,80.68619537353516,80.71129608154297,79.45606994628906,79.71966552734375,75.94036865234375,3895302
2024-01-30,79.48117065429688,80.1966552734375,78.92887115478516,79.01673889160156,75.27078247070312,3247373
2024-01-31,79.10460662841797,79.28033447265625,77.4728012084961,77.5732192993164,73.89569091796875,3398739
2024-02-01,78.0753173828125,78.23849487304688,76.93305206298828,77.77405548095703,74.08700561523438,2902814
2024-02-02,76.95816040039062,78.56485748291016,76.74476623535156,78.27615356445312,74.56529998779297,3564446
2024-02-05,77.07112884521484,77.87447357177734,76.82008361816406,76.83263397216797,73.1902084350586,5704213
2024-02-06,80.87447357177734,82.87029266357422,79.85774230957031,82.51882934570312,78.6068344116211,6510758
2024-02-07,82.97071075439453,84.10041809082031,82.51882934570312,83.44770050048828,79.4916763305664,3252710
2024-02-08,83.4728012084961,84.28870391845703,82.75732421875,84.22594451904297,80.23301696777344,2377174
2024-02-09,84.0753173828125,85.01673889160156,83.5606689453125,84.95397186279297,80.9265365600586,2619918
2024-02-12,85.00418090820312,86.51045989990234,85.00418090820312,85.94561004638672,81.87118530273438,2343873
2024-02-13,84.64016723632812,85.19246673583984,82.97071075439453,83.89958190917969,79.9221420288086,2823466
2024-02-14,84.64016723632812,85.00418090820312,83.59832763671875,84.91632080078125,80.89067840576172,2385618
2024-02-15,85.10460662841797,86.59832763671875,85.02928924560547,85.92050170898438,81.84725189208984,1935661
2024-02-16,86.0334701538086,86.83682250976562,85.82008361816406,85.92050170898438,81.84725189208984,2198083
2024-02-20,85.45606994628906,86.02091979980469,84.97908020019531,85.3179931640625,81.2733154296875,2211786
2024-02-21,85.41841125488281,86.86192321777344,85.06694793701172,86.68619537353516,82.57664489746094,3045099
2024-02-22,86.74895477294922,88.05438995361328,86.74895477294922,87.77824401855469,83.6169204711914,1838627
2024-02-23,88.19246673583984,88.54393005371094,87.7907943725586,87.81590270996094,83.65279388427734,1564892
2024-02-26,87.46443176269531,88.34309387207031,87.31380462646484,87.75313568115234,83.59300994873047,1809230
2024-02-27,88.02928924560547,88.24267578125,86.96234130859375,87.364013671875,83.22232818603516,2335588
2024-02-28,86.35983276367188,87.5271987915039,86.29707336425781,87.40167236328125,83.71528625488281,1877903
2024-02-29,85.6694564819336,87.51464080810547,85.61924743652344,86.84937286376953,83.1862564086914,5239278
2024-03-01,86.52301025390625,87.84100341796875,86.43514251708984,87.31380462646484,83.631103515625,1702158
2024-03-04,87.02510833740234,87.61506652832031,86.96234130859375,87.41422271728516,83.72728729248047,1766369
2024-03-05,86.77405548095703,87.57740783691406,86.37238311767578,86.61087799072266,82.95783233642578,1752826
2024-03-06,87.25104522705078,88.60669708251953,86.89958190917969,88.21757507324219,84.49676513671875,2061853
2024-03-07,88.95816040039062,90.0878677368164,88.89539337158203,89.35983276367188,85.59083557128906,1925703
2024-03-08,89.9121322631836,91.02928924560547,89.48535919189453,89.62342834472656,85.84331512451172,1750516
2024-03-11,89.66108703613281,91.3054428100586,89.53556823730469,90.56485748291016,86.74504089355469,1672522
2024-03-12,90.74058532714844,90.878662109375,89.5732192993164,90.4267807006836,86.61278533935547,1795129
2024-03-13,90.8661117553711,92.84937286376953,90.8661117553711,92.61087799072266,88.70476531982422,2473331
2024-03-14,92.23430633544922,92.74895477294922,92.00836944580078,92.6485366821289,88.7408218383789,2121842
2024-03-15,92.37238311767578,93.18828582763672,91.92050170898438,92.17154693603516,88.28395080566406,4255076
2024-03-18,92.6485366821289,93.33891296386719,92.08367919921875,92.28451538085938,88.39216613769531,1998916
2024-03-19,92.15899658203125,93.10041809082031,92.08367919921875,92.53556823730469,88.63263702392578,1415677
2024-03-20,92.35983276367188,93.57740783691406,92.23430633544922,93.5271987915039,89.58243560791016,1413366
2024-03-21,93.61506652832031,94.6820068359375,93.61506652832031,94.21757507324219,90.24369812011719,1437904
2024-03-22,94.74476623535156,95.41004180908203,94.56903839111328,95.07112884521484,91.06124114990234,1625598
2024-03-25,94.84518432617188,95.67363739013672,94.83263397216797,95.32217407226562,91.30171203613281,1233479
2024-03-26,95.39749145507812,95.62342834472656,94.6945571899414,94.82008361816406,90.82080078125,1202728
2024-03-27,95.5481185913086,96.06275939941406,95.18409729003906,96.02510833740234,91.97499084472656,1158752
2024-03-28,95.93724060058594,96.71548461914062,95.93724060058594,96.23849487304688,92.17938995361328,1564813
2024-04-01,96.364013671875,96.99163055419922,95.9874496459961,96.90376281738281,92.81658935546875,1241605
2024-04-02,96.60250854492188,96.64016723632812,96.0,96.4393310546875,92.37174224853516,1364531
2024-04-03,96.65271759033203,97.2301254272461,96.33891296386719,96.8033447265625,92.72041320800781,1602176
2024-04-04,97.53137969970703,97.83263397216797,95.0334701538086,95.08367919921875,91.0732650756836,1869856
2024-04-05,95.24686431884766,95.28451538085938,94.04183959960938,94.80753326416016,90.80876159667969,1769954
2024-04-08,94.94561004638672,95.88703155517578,94.94561004638672,95.74895477294922,91.71049499511719,1327087
2024-04-09,96.02510833740234,97.11715698242188,95.37238311767578,97.00418090820312,92.91275787353516,1568876
2024-04-10,95.71129608154297,96.47698974609375,94.98326110839844,95.635986328125,91.60227966308594,1517252
2024-04-11,96.0,96.02510833740234,94.78242492675781,95.69874572753906,91.66239166259766,1781506
2024-04-12,95.14644622802734,95.39749145507812,92.05857849121094,92.635986328125,88.72882080078125,2543836
2024-04-15,93.64016723632812,94.29288482666016,91.61924743652344,92.18409729003906,88.29598999023438,1444835
2024-04-16,91.74476623535156,92.04602813720703,90.85355377197266,91.09204864501953,87.25,1843646
2024-04-17,91.5941390991211,92.34728240966797,91.09204864501953,91.74476623535156,87.87519073486328,1738167
2024-04-18,92.44770050048828,92.62342834472656,91.61924743652344,92.29707336425781,88.40418243408203,1505780
2024-04-19,92.44770050048828,93.40167236328125,92.30962371826172,92.74895477294922,88.83702087402344,1865714
2024-04-22,92.5481185913086,93.33891296386719,91.97071075439453,92.77405548095703,88.86105346679688,1190937
2024-04-23,92.05857849121094,92.76150512695312,92.0334701538086,92.635986328125,88.72882080078125,1226389
2024-04-24,92.18409729003906,92.84937286376953,91.78242492675781,92.83682250976562,88.92117309570312,1245748
2024-04-25,92.32217407226562,92.68619537353516,91.38075256347656,92.25941467285156,88.36812591552734,1176039
2024-04-26,92.5606689453125,93.06275939941406,92.1338882446289,92.52301025390625,88.62060546875,1708691
2024-04-29,93.0125503540039,93.10041809082031,92.28451538085938,92.76150512695312,88.84904479980469,1783179
2024-04-30,92.24686431884766,92.73640441894531,90.90376281738281,91.00418090820312,87.16584014892578,2652422
2024-05-01,96.55229949951172,99.40167236328125,96.26359558105469,98.29707336425781,94.151123046875,5369772
2024-05-02,99.12552642822266,99.16317749023438,96.85355377197266,97.5941390991211,93.47784423828125,2555229
2024-05-03,98.38493347167969,98.38493347167969,96.82845306396484,97.49372100830078,93.38164520263672,1905149
2024-05-06,98.15899658203125,98.79916381835938,97.89539337158203,98.5732192993164,94.41561889648438,1617950
2024-05-07,99.0125503540039,99.95397186279297,98.87447357177734,99.5271987915039,95.32937622070312,1509126
2024-05-08,99.12552642822266,99.56485748291016,97.97071075439453,98.15899658203125,94.01887512207031,1912797
2024-05-09,98.4728012084961,99.02510833740234,97.88284301757812,98.9121322631836,94.7402572631836,2085434
2024-05-10,99.21338653564453,99.64016723632812,98.39749145507812,98.86192321777344,94.69215393066406,1512392
2024-05-13,99.13807678222656,99.41422271728516,98.73640441894531,99.0,94.82440185546875,993204
2024-05-14,99.31380462646484,99.3514633178711,98.07112884521484,98.34728240966797,94.19921112060547,1450013
2024-05-15,99.0878677368164,99.18828582763672,98.0334701538086,98.18409729003906,94.04291534423828,922859
2024-05-16,98.35983276367188,98.35983276367188,97.15481567382812,97.36820220947266,93.26144409179688,1303506
2024-05-17,99.82845306396484,100.3179931640625,99.12552642822266,100.3054428100586,96.07478332519531,2209077
2024-05-20,100.19246673583984,100.93305206298828,100.05438995361328,100.25523376464844,96.02669525146484,1400460
2024-05-21,100.25523376464844,100.26778411865234,99.55229949951172,99.81590270996094,95.60588836669922,1062514
2024-05-22,98.96234130859375,99.46443176269531,98.17154693603516,98.59832763671875,94.43966674804688,1571266
2024-05-23,100.41841125488281,100.99581909179688,97.04183959960938,99.0753173828125,94.89654541015625,8786516
2024-05-24,100.41841125488281,102.03765869140625,100.28033447265625,101.82426452636719,97.52954864501953,5437728
2024-05-28,103.20502471923828,103.71966552734375,101.5481185913086,103.04183959960938,98.69576263427734,4077101
2024-05-29,102.56485748291016,102.878662109375,101.87447357177734,102.0125503540039,97.70989990234375,2320690
2024-05-30,101.84937286376953,102.878662109375,101.46025085449219,102.70292663574219,98.37115478515625,1911522
2024-05-31,102.31380462646484,103.19246673583984,100.97071075439453,103.12970733642578,99.24083709716797,3055057
2024-06-03,103.10460662841797,103.10460662841797,100.88284301757812,101.2092056274414,97.39276123046875,3128988
2024-06-04,100.78242492675781,101.39749145507812,100.35565185546875,100.84518432617188,97.04246520996094,1500920
2024-06-05,100.6945571899414,101.24686431884766,99.95397186279297,101.1966552734375,97.38067626953125,1540116
2024-06-06,100.80753326416016,101.23430633544922,99.9665298461914,100.73221588134766,96.93375396728516,1265425
2024-06-07,99.99163055419922,101.07112884521484,99.40167236328125,100.43096160888672,96.64385986328125,2338695
2024-06-10,100.10460662841797,100.50627899169922,99.62761688232422,100.26778411865234,96.48683166503906,1339595
2024-06-11,100.3305435180664,100.55648803710938,99.57740783691406,99.99163055419922,96.22109985351562,1356405
2024-06-12,101.67363739013672,101.96234130859375,100.84518432617188,101.08367919921875,97.27195739746094,1519004
2024-06-13,100.6694564819336,101.02091979980469,99.55229949951172,100.51882934570312,96.72840118408203,1178031
2024-06-14,100.28033447265625,100.73221588134766,99.50209045410156,99.99163055419922,96.22109985351562,1598591
2024-06-17,99.7907943725586,101.00836944580078,99.64016723632812,100.94561004638672,97.13909912109375,1465548
2024-06-18,101.04602813720703,101.34728240966797,100.29288482666016,101.32217407226562,97.50146484375,1220573
2024-06-20,100.95816040039062,101.61087799072266,100.21757507324219,100.25523376464844,96.47476959228516,1469770
2024-06-21,99.97908020019531,100.20502471923828,99.18828582763672,100.20502471923828,96.42644500732422,5489989
2024-06-24,100.55648803710938,103.3054428100586,100.41841125488281,101.77405548095703,97.93631744384766,2315193
2024-06-25,101.66108703613281,102.30125427246094,100.6820068359375,100.99581909179688,97.18742370605469,1440214
2024-06-26,100.41841125488281,100.64434814453125,99.3514633178711,100.45606994628906,96.66801452636719,1451686
2024-06-27,100.92050170898438,100.92050170898438,99.90376281738281,100.39330291748047,96.60762023925781,1928491
2024-06-28,100.55648803710938,101.22175598144531,100.44351196289062,101.0334701538086,97.2236557006836,2896361
2024-07-01,101.00836944580078,101.46025085449219,99.06275939941406,99.50209045410156,95.75001525878906,1250926
2024-07-02,99.41422271728516,100.19246673583984,98.94979095458984,99.61506652832031,95.85873413085938,1402372
2024-07-03,99.76569366455078,100.01673889160156,99.15062713623047,99.40167236328125,95.65338134765625,674458
2024-07-05,99.06275939941406,99.26359558105469,98.34728240966797,99.15062713623047,95.41180419921875,1186794
2024-07-08,99.364013671875,99.90376281738281,99.28870391845703,99.75313568115234,95.9916000366211,1195239
2024-07-09,99.65271759033203,99.65271759033203,98.48535919189453,98.5732192993164,94.85617065429688,926284
2024-07-10,99.02510833740234,99.91632080078125,98.28451538085938,99.878662109375,96.11239624023438,1825801
2024-07-11,100.39330291748047,101.61087799072266,100.28033447265625,101.30962371826172,97.48938751220703,1812417
2024-07-12,101.62342834472656,102.32636260986328,100.93305206298828,101.52301025390625,97.6947250366211,1379189
2024-07-15,101.68619537353516,101.74895477294922,100.53137969970703,100.6694564819336,96.87336730957031,1531034
2024-07-16,100.50627899169922,103.53137969970703,100.50627899169922,103.19246673583984,99.30123901367188,1557483
2024-07-17,103.14225769042969,103.64434814453125,102.48954010009766,102.84100341796875,98.96302795410156,1647507
2024-07-18,101.93724060058594,103.41841125488281,100.50627899169922,100.85774230957031,97.05455780029297,1637867
2024-07-19,101.34728240966797,101.34728240966797,99.53974914550781,99.9665298461914,96.19693756103516,1033197
2024-07-22,100.35565185546875,100.98326110839844,99.38912200927734,100.82008361816406,97.018310546875,792683
2024-07-23,100.6820068359375,101.1087875366211,99.95397186279297,100.64434814453125,96.84919738769531,1030170
2024-07-24,100.41841125488281,101.32217407226562,99.72803497314453,99.90376281738281,96.13653564453125,1259689
2024-07-25,99.55229949951172,101.1338882446289,99.10041809082031,99.20083618164062,95.46012878417969,1818710
2024-07-26,99.91632080078125,100.99581909179688,99.75313568115234,100.64434814453125,96.84919738769531,2393426
2024-07-29,101.22175598144531,101.82426452636719,100.3179931640625,101.5606689453125,97.73095703125,1243836
2024-07-30,101.08367919921875,102.22594451904297,100.87029266357422,100.93305206298828,97.12701416015625,2589326
2024-07-31,105.18828582763672,106.84518432617188,103.93305206298828,105.06275939941406,101.10100555419922,4383419
2024-08-01,105.5271987915039,105.91632080078125,102.06275939941406,103.75732421875,99.84478759765625,2350804
2024-08-02,102.23849487304688,102.38912200927734,98.44770050048828,99.31380462646484,95.56883239746094,2564629
2024-08-05,97.60669708251953,98.81171417236328,96.20083618164062,97.70711517333984,94.02272033691406,2675764
2024-08-06,98.121337890625,99.65271759033203,97.82008361816406,97.97071075439453,94.27637481689453,1687021
2024-08-07,98.97489166259766,100.19246673583984,96.85355377197266,96.92887115478516,93.2738265991211,1421253
2024-08-08,97.6820068359375,98.73640441894531,97.2301254272461,98.5606689453125,94.8440933227539,1402930
2024-08-09,98.22175598144531,98.81171417236328,97.51882934570312,98.5732192993164,94.85617065429688,783681
2024-08-12,98.71129608154297,98.97489166259766,97.93305206298828,98.32217407226562,94.61459350585938,852115
2024-08-13,98.41004180908203,99.02510833740234,97.97071075439453,98.94979095458984,95.21853637695312,905491
2024-08-14,99.12552642822266,99.3514633178711,98.33472442626953,98.84937286376953,95.12191772460938,897684
2024-08-15,100.00418090820312,101.15899658203125,99.85355377197266,100.7698745727539,96.9699935913086,1303665
2024-08-16,100.64434814453125,100.93305206298828,99.64016723632812,100.64434814453125,96.84919738769531,1018698
2024-08-19,100.74476623535156,101.04602813720703,100.2301254272461,100.5941390991211,96.80088806152344,921186
2024-08-20,100.26778411865234,100.7698745727539,99.40167236328125,99.48954010009766,95.7379379272461,1514941
2024-08-21,99.9665298461914,101.05857849121094,99.85355377197266,100.80753326416016,97.00621795654297,907722
2024-08-22,100.82008361816406,101.02091979980469,100.09204864501953,100.78242492675781,96.98206329345703,1269170
2024-08-23,101.23430633544922,102.25104522705078,100.73221588134766,101.79916381835938,97.9604721069336,1055583
2024-08-26,102.37657165527344,103.05438995361328,101.86192321777344,102.47698974609375,98.61274719238281,1242242
2024-08-27,102.67782592773438,103.83263397216797,101.97489166259766,103.54393005371094,99.63945007324219,1729006
2024-08-28,103.07949829101562,103.89539337158203,102.84100341796875,103.5941390991211,99.68775177001953,1714108
2024-08-29,104.04602813720703,105.33891296386719,103.38075256347656,104.71129608154297,100.7627944946289,1323980
2024-08-30,104.71129608154297,106.09204864501953,104.58577728271484,105.75313568115234,102.23102569580078,2832070
2024-09-03,104.81171417236328,105.364013671875,102.61506652832031,103.07949829101562,99.64643859863281,2092843
2024-09-04,103.3054428100586,104.00836944580078,102.48954010009766,102.55229949951172,99.13680267333984,1686304
2024-09-05,102.82845306396484,102.8661117553711,101.635986328125,102.15062713623047,98.74851989746094,1337125
2024-09-06,101.74895477294922,102.53974914550781,98.6485366821289,99.33891296386719,96.03043365478516,2413183
2024-09-09,99.91632080078125,101.41004180908203,99.74058532714844,99.8661117553711,96.54007720947266,2389761
2024-09-10,99.66527557373047,100.3179931640625,99.06275939941406,99.8033447265625,96.47940063476562,1721039
2024-09-11,99.67782592773438,100.44351196289062,97.6820068359375,100.3054428100586,96.96477508544922,1276977
2024-09-12,100.29288482666016,101.4728012084961,99.70292663574219,100.93305206298828,97.57147979736328,1233957
2024-09-13,101.51045989990234,102.81590270996094,101.51045989990234,102.20083618164062,98.79702758789062,1230850
2024-09-16,102.72803497314453,103.6694564819336,102.17573547363281,102.92887115478516,99.50083923339844,1157875
2024-09-17,103.48117065429688,104.44770050048828,103.3179931640625,104.00836944580078,100.54437255859375,1334576
2024-09-18,104.27196502685547,105.02510833740234,103.53137969970703,103.98326110839844,100.52010345458984,1397035
2024-09-19,105.4393310546875,105.67782592773438,104.18409729003906,104.41004180908203,100.93267822265625,1193247
2024-09-20,103.65690612792969,104.9874496459961,102.61506652832031,104.61087799072266,101.12681579589844,2834301
2024-09-23,104.93724060058594,105.70292663574219,104.83682250976562,105.57740783691406,102.06116485595703,1113740
2024-09-24,106.48117065429688,109.55648803710938,106.26778411865234,109.34309387207031,105.70143127441406,2612429
2024-09-25,109.34309387207031,109.54393005371094,107.33472442626953,107.87447357177734,104.2817153930664,1112784
2024-09-26,109.34309387207031,112.2301254272461,109.12970733642578,111.95397186279297,108.22534942626953,2390797
2024-09-27,112.21757507324219,113.04602813720703,111.69037628173828,112.39330291748047,108.65005493164062,2056515
2024-09-30,112.51882934570312,112.83263397216797,110.5606689453125,111.85355377197266,108.12828826904297,1754260
2024-10-01,111.9665298461914,112.41841125488281,109.88284301757812,110.35983276367188,106.6843032836914,1660094
2024-10-02,110.15899658203125,111.23849487304688,109.54393005371094,110.52301025390625,106.842041015625,1073588
2024-10-03,109.88284301757812,109.95816040039062,108.72803497314453,109.38075256347656,105.73783874511719,1062196
2024-10-04,110.32217407226562,110.72384643554688,109.20502471923828,109.88284301757812,106.22319793701172,673422
2024-10-07,107.78661346435547,109.02928924560547,107.24686431884766,107.87447357177734,104.2817153930664,2163348
2024-10-08,107.5481185913086,107.5481185913086,105.75313568115234,106.04183959960938,102.51012420654297,2031181
2024-10-09,106.38075256347656,108.21338653564453,106.15481567382812,107.49790954589844,103.9177017211914,1098205
2024-10-10,107.30962371826172,108.41422271728516,106.88284301757812,108.33891296386719,104.7306900024414,838093
2024-10-11,108.33891296386719,108.84100341796875,107.67363739013672,108.61506652832031,104.9976577758789,788541
2024-10-14,108.03765869140625,109.07949829101562,108.03765869140625,109.01673889160156,105.38594818115234,704572
2024-10-15,109.11715698242188,109.41841125488281,105.94142150878906,106.3305435180664,102.7892074584961,1890171
2024-10-16,106.61924743652344,107.6485366821289,106.20502471923828,107.05857849121094,103.49299621582031,756594
2024-10-17,107.84937286376953,107.84937286376953,106.58158874511719,106.99581909179688,103.43231964111328,1128000
2024-10-18,107.25941467285156,107.42259216308594,106.44351196289062,106.80753326416016,103.25031280517578,1391060
2024-10-21,106.74476623535156,107.27196502685547,105.92887115478516,106.53137969970703,102.9833755493164,955363
2024-10-22,106.24267578125,106.75732421875,105.22594451904297,106.55648803710938,103.00763702392578,979980
2024-10-23,106.00418090820312,106.83263397216797,105.13807678222656,105.92887115478516,102.40091705322266,682106
2024-10-24,106.39330291748047,106.43096160888672,104.87447357177734,105.72803497314453,102.20677947998047,1162576
2024-10-25,105.91632080078125,106.00418090820312,104.4728012084961,104.5606689453125,101.07828521728516,1059328
2024-10-28,105.4267807006836,105.47698974609375,104.76150512695312,105.32636260986328,101.8184814453125,993523
2024-10-29,104.46025085449219,105.22594451904297,104.25941467285156,104.73640441894531,101.2481689453125,1467221
2024-10-30,104.68619537353516,105.90376281738281,104.34728240966797,104.52301025390625,101.04188537597656,1093584
2024-10-31,104.1966552734375,105.11296844482422,103.97071075439453,104.17154693603516,100.7021255493164,1483871
2024-11-01,103.90795135498047,104.72384643554688,103.4058609008789,103.55648803710938,100.10755157470703,1346685
2024-11-04,103.79497528076172,104.49790954589844,102.11296844482422,102.74058532714844,99.3188247680664,2135784
2024-11-05,106.63179779052734,110.2092056274414,105.8033447265625,107.53556823730469,103.95410919189453,4162743
2024-11-06,110.1338882446289,110.1338882446289,105.76569366455078,105.85355377197266,102.32810974121094,2910542
2024-11-07,106.97071075439453,108.8661117553711,106.3054428100586,108.69037628173828,105.0704574584961,1808115
2024-11-08,107.51045989990234,108.18828582763672,105.22594451904297,105.65271759033203,102.13395690917969,2045760
2024-11-11,105.97908020019531,106.02928924560547,104.61087799072266,104.97489166259766,101.47869873046875,1444197
2024-11-12,104.44770050048828,105.17573547363281,103.16736602783203,103.29288482666016,99.85271453857422,1441011
2024-11-13,103.65690612792969,104.81171417236328,103.29288482666016,104.68619537353516,101.19963073730469,1804211
2024-11-14,104.77405548095703,105.32636260986328,103.94561004638672,104.28451538085938,100.81132507324219,1453439
2024-11-15,104.27196502685547,104.66108703613281,102.56485748291016,102.74058532714844,99.3188247680664,1441409
2024-11-18,103.00418090820312,103.07949829101562,102.10041809082031,102.7907943725586,99.36734008789062,1112465
2024-11-19,102.0753173828125,102.85355377197266,101.35983276367188,102.12552642822266,98.7242431640625,1688376
2024-11-20,102.32636260986328,102.8912124633789,101.88703155517578,102.74058532714844,99.3188247680664,1165284
2024-11-21,102.76569366455078,104.29707336425781,102.64016723632812,103.87029266357422,100.41089630126953,1967687
2024-11-22,103.80753326416016,104.9246826171875,103.74476623535156,104.58577728271484,101.10255432128906,1547127
2024-11-25,105.41422271728516,106.15481567382812,105.21338653564453,105.97908020019531,102.44945526123047,2259506
2024-11-26,105.56485748291016,105.92887115478516,104.71129608154297,105.23849487304688,101.73353576660156,1869936
2024-11-27,105.18828582763672,106.36820220947266,104.94979095458984,105.31380462646484,101.80633544921875,1297292
2024-11-29,104.44770050048828,105.47698974609375,104.32217407226562,104.9246826171875,101.89165496826172,926284
2024-12-02,105.364013671875,105.55229949951172,104.15899658203125,105.0878677368164,102.05013275146484,1295061
2024-12-03,105.4393310546875,105.67782592773438,104.0334701538086,104.1087875366211,101.09934997558594,1792898
2024-12-04,103.92050170898438,103.92050170898438,102.50209045410156,103.58158874511719,100.5873794555664,1663838
2024-12-05,103.49372100830078,103.71966552734375,102.33891296386719,102.60250854492188,99.63661193847656,1386997
2024-12-06,102.8033447265625,104.05857849121094,102.47698974609375,103.95816040039062,100.95307922363281,2222381
2024-12-09,105.3514633178711,106.84518432617188,104.73640441894531,104.86192321777344,101.83070373535156,2505437
2024-12-10,104.32217407226562,104.86192321777344,102.61506652832031,103.02928924560547,100.05106353759766,1365168
2024-12-11,102.97908020019531,103.3179931640625,102.16317749023438,102.84100341796875,99.86820983886719,1305657
2024-12-12,102.85355377197266,103.20502471923828,102.0753173828125,102.37657165527344,99.41720581054688,899198
2024-12-13,101.79916381835938,102.32636260986328,101.07112884521484,101.4728012084961,98.53955841064453,1086653
2024-12-16,101.04602813720703,101.87447357177734,100.26778411865234,100.50627899169922,97.6009750366211,1837990
2024-12-17,100.3305435180664,101.38493347167969,100.01673889160156,100.58158874511719,97.67411041259766,1360547
2024-12-18,100.80753326416016,101.18409729003906,97.29288482666016,97.43096160888672,94.61456298828125,1657226
2024-12-19,98.04602813720703,98.41004180908203,96.41422271728516,96.46443176269531,93.67595672607422,1858145
2024-12-20,95.9874496459961,97.79497528076172,95.9874496459961,97.00418090820312,94.20011138916016,3867259
2024-12-23,96.62761688232422,96.9665298461914,95.87447357177734,96.50209045410156,93.71253204345703,1679453
2024-12-24,96.4267807006836,97.20502471923828,96.11296844482422,96.9665298461914,94.16354370117188,434582
2024-12-26,96.4267807006836,97.28033447265625,96.31380462646484,96.95397186279297,94.15135192871094,775635
2024-12-27,96.33891296386719,97.36820220947266,95.59832763671875,96.18828582763672,93.40780639648438,1107207
2024-12-30,95.43514251708984,95.82426452636719,94.71966552734375,95.33472442626953,92.57891082763672,1178828
2024-12-31,95.635986328125,96.20083618164062,95.1338882446289,95.71129608154297,92.94461059570312,999578
2025-01-02,96.21338653564453,96.50209045410156,94.63179779052734,94.6820068359375,91.94506072998047,1746373
2025-01-03,95.05857849121094,95.1338882446289,93.364013671875,93.82845306396484,91.1161880493164,2000510
2025-01-06,94.49372100830078,95.59832763671875,93.84100341796875,94.46862030029297,91.73784637451172,2237518
2025-01-07,94.7698745727539,95.68619537353516,93.64016723632812,94.24267578125,91.51842498779297,2059543
2025-01-08,93.90376281738281,93.92887115478516,92.77405548095703,93.4518814086914,90.75050354003906,1830660
2025-01-10,92.43514251708984,92.69874572753906,90.91632080078125,91.25523376464844,88.61734771728516,2293603
2025-01-13,91.35565185546875,93.4518814086914,90.878662109375,93.4267807006836,90.72611999511719,1834166
2025-01-14,93.8912124633789,95.07112884521484,93.20083618164062,94.49372100830078,91.76222229003906,2310174
2025-01-15,95.89958190917969,96.364013671875,95.14644622802734,95.69874572753906,92.93241119384766,1578356
2025-01-16,96.02510833740234,96.26359558105469,94.24267578125,96.22594451904297,93.4443588256836,1850418
2025-01-17,96.97908020019531,98.32217407226562,96.76569366455078,97.24267578125,94.43171691894531,2582315
2025-01-21,97.95816040039062,98.81171417236328,97.84518432617188,98.48535919189453,95.63847351074219,1481959
2025-01-22,98.2092056274414,98.67363739013672,97.3179931640625,97.43096160888672,94.61456298828125,1274189
2025-01-23,97.55648803710938,98.18409729003906,97.17991638183594,98.17154693603516,95.33373260498047,1242242
2025-01-24,98.44770050048828,98.52301025390625,96.84100341796875,97.10460662841797,94.2976303100586,1260247
2025-01-27,96.65271759033203,97.12970733642578,94.3305435180664,96.22594451904297,93.4443588256836,2473969
2025-01-28,96.11296844482422,96.40167236328125,95.39749145507812,95.81171417236328,93.04210662841797,1298089
2025-01-29,95.51045989990234,96.66527557373047,95.22175598144531,96.0,93.22496795654297,1314898
2025-01-30,96.0753173828125,96.4518814086914,95.34728240966797,96.22594451904297,93.4443588256836,1835440
2025-01-31,95.9874496459961,96.69037628173828,95.71129608154297,96.40167236328125,93.6150131225586,2174502
2025-02-03,94.60669708251953,95.93724060058594,93.16317749023438,95.49790954589844,92.73738098144531,1955339
2025-02-04,96.57740783691406,96.8661117553711,95.74895477294922,96.65271759033203,93.85881805419922,1706938
2025-02-05,96.53974914550781,97.34309387207031,95.82426452636719,96.7907943725586,93.9928970336914,2132517
2025-02-06,97.28033447265625,97.41841125488281,96.53974914550781,97.25523376464844,94.44390869140625,1849063
2025-02-07,97.02928924560547,97.28033447265625,94.6820068359375,95.121337890625,92.37169647216797,1465787
2025-02-10,95.66108703613281,95.79916381835938,94.29288482666016,95.72384643554688,92.95677947998047,2255045
2025-02-11,100.11715698242188,104.1966552734375,99.66527557373047,102.27615356445312,99.31968688964844,5071819
2025-02-12,101.0334701538086,103.25523376464844,100.3054428100586,102.62761688232422,99.66099548339844,2096588
2025-02-13,104.18409729003906,105.8661117553711,102.92887115478516,105.50209045410156,102.45237731933594,2862423
2025-02-14,106.02928924560547,106.6945571899414,104.46025085449219,104.49790954589844,101.47721862792969,2323160
2025-02-18,105.02510833740234,106.46862030029297,104.73640441894531,105.84100341796875,102.78148651123047,2446245
2025-02-19,104.09623718261719,104.42259216308594,103.16736602783203,103.45606994628906,100.46550750732422,2673215
2025-02-20,103.43096160888672,104.1087875366211,102.90376281738281,103.99581909179688,100.9896469116211,1308445
2025-02-21,104.29707336425781,104.41004180908203,102.33891296386719,102.48954010009766,99.52690887451172,2201190
2025-02-24,102.84100341796875,103.43096160888672,102.05020904541016,102.70292663574219,99.73411560058594,1746612
2025-02-25,103.41841125488281,103.87029266357422,102.12552642822266,102.77824401855469,99.80726623535156,1888419
2025-02-26,102.8661117553711,103.50627899169922,102.15062713623047,102.23849487304688,99.28312683105469,1121229
2025-02-27,102.21338653564453,103.49372100830078,101.48535919189453,101.5732192993164,98.63707733154297,1466026
2025-02-28,102.22594451904297,102.70292663574219,101.07112884521484,102.64016723632812,99.67317199707031,3915935
2025-03-03,103.11715698242188,103.43096160888672,98.53556823730469,98.94979095458984,96.5737075805664,2002342
2025-03-04,98.94979095458984,99.26359558105469,96.99163055419922,97.51882934570312,95.17710876464844,2074361
2025-03-05,98.32217407226562,100.17991638183594,98.121337890625,99.76569366455078,97.3700180053711,1723668
2025-03-06,99.40167236328125,99.878662109375,98.38493347167969,98.86192321777344,96.4879379272461,1419341
2025-03-07,98.33472442626953,99.0753173828125,96.50209045410156,98.09623718261719,95.74064636230469,1721358
2025-03-10,97.36820220947266,98.88703155517578,95.9246826171875,96.4393310546875,94.12353515625,1638345
2025-03-11,96.69037628173828,96.878662109375,95.18409729003906,95.79916381835938,93.49873352050781,3105088
2025-03-12,96.72803497314453,96.76569366455078,94.70711517333984,94.7698745727539,92.4941635131836,1580109
2025-03-13,94.34309387207031,95.71129608154297,92.94979095458984,94.02928924560547,91.77135467529297,2068147
2025-03-14,95.44770050048828,97.10460662841797,94.7698745727539,96.76569366455078,94.44206237792969,2879472
2025-03-17,96.77824401855469,98.0334701538086,96.70292663574219,97.53137969970703,95.18936157226562,1647746
2025-03-18,97.55648803710938,97.60669708251953,96.3514633178711,96.8033447265625,94.47880554199219,1921321
2025-03-19,96.8033447265625,97.92050170898438,96.56485748291016,97.36820220947266,95.03009033203125,1381978
2025-03-20,96.61506652832031,97.35565185546875,96.21338653564453,96.56485748291016,94.24604034423828,2361559
2025-03-21,96.0125503540039,96.0125503540039,93.71548461914062,94.35565185546875,92.08988952636719,3515371
2025-03-24,95.43514251708984,97.3305435180664,95.43514251708984,96.74058532714844,94.41755676269531,1648861
2025-03-25,96.65271759033203,96.92887115478516,95.52301025390625,95.96234130859375,93.65799713134766,1510719
2025-03-26,96.17573547363281,97.25523376464844,95.77405548095703,96.0125503540039,93.70700073242188,952176
2025-03-27,95.34728240966797,95.84937286376953,94.79497528076172,95.34728240966797,93.0577163696289,1301116
2025-03-28,95.1338882446289,95.39749145507812,92.61087799072266,92.9246826171875,90.69328308105469,2838045
2025-03-31,92.29707336425781,94.38075256347656,91.48117065429688,93.74058532714844,91.48957824707031,2330011
2025-04-01,93.60250854492188,94.80753326416016,92.59832763671875,93.99163055419922,91.73461151123047,1946177
2025-04-02,93.15062713623047,95.25941467285156,93.15062713623047,94.45606994628906,92.18789672851562,1485226
2025-04-03,91.00418090820312,91.00418090820312,84.364013671875,85.07949829101562,83.0364761352539,3694064
2025-04-04,75.20083618164062,77.04602813720703,70.51882934570312,74.23430633544922,72.45172119140625,9414051
2025-04-07,71.33472442626953,75.75313568115234,68.18409729003906,72.5271987915039,70.78560638427734,6055941
2025-04-08,74.73640441894531,75.5271987915039,67.84518432617188,69.20083618164062,67.53910827636719,5696406
2025-04-09,68.1338882446289,78.51464080810547,67.49372100830078,77.76150512695312,75.89421844482422,5185663
2025-04-10,73.55648803710938,74.68619537353516,70.06694793701172,72.37657165527344,70.63859558105469,4440062
2025-04-11,71.84937286376953,74.18409729003906,70.46862030029297,73.92050170898438,72.14543914794922,3019924
2025-04-14,77.81171417236328,78.16317749023438,74.33472442626953,76.53137969970703,74.69363403320312,3825036
2025-04-15,75.76569366455078,76.58158874511719,75.41422271728516,75.8912124633789,74.06883239746094,2023135
2025-04-16,75.72803497314453,76.3179931640625,73.70711517333984,74.37238311767578,72.58647155761719,3242194
2025-04-17,74.9246826171875,76.75732421875,74.9246826171875,75.48954010009766,73.67680358886719,2190913
2025-04-21,74.66108703613281,75.76569366455078,73.43096160888672,75.4518814086914,73.64005279541016,3118791
2025-04-22,76.51882934570312,78.32636260986328,76.43096160888672,77.62342834472656,75.75946044921875,2788891
2025-04-23,79.92050170898438,82.6945571899414,79.07949829101562,79.15481567382812,77.25405883789062,3576396
2025-04-24,79.90795135498047,83.43514251708984,79.71966552734375,82.90795135498047,80.91706848144531,3260358
2025-04-25,81.9665298461914,83.15899658203125,81.47698974609375,82.45606994628906,80.4760513305664,1922038
2025-04-28,82.39330291748047,83.62342834472656,81.4393310546875,82.43096160888672,80.45154571533203,2159206
2025-04-29,82.44351196289062,83.05857849121094,81.64016723632812,82.65690612792969,80.67205810546875,1745656
2025-04-30,81.50209045410156,83.08367919921875,80.27196502685547,82.83263397216797,80.84357452392578,2337818
2025-05-01,82.84518432617188,84.10041809082031,82.56903839111328,82.90795135498047,80.91706848144531,3145320
2025-05-02,82.56903839111328,85.82008361816406,82.56903839111328,84.41422271728516,82.3871841430664,3588665
2025-05-05,83.82426452636719,84.0753173828125,81.9665298461914,81.97908020019531,80.01051330566406,2678075
2025-05-06,81.15062713623047,82.3179931640625,81.10041809082031,81.64016723632812,79.67973327636719,1668698
2025-05-07,81.69037628173828,81.74058532714844,80.44770050048828,81.03765869140625,79.09170532226562,1522669
2025-05-08,82.24267578125,84.41422271728516,81.91632080078125,83.15899658203125,81.16210174560547,2075396
2025-05-09,83.83682250976562,84.51464080810547,83.4728012084961,83.81171417236328,81.79914093017578,1390661
2025-05-12,88.82008361816406,91.14225769042969,88.51882934570312,89.46025085449219,87.31204223632812,4598440
2025-05-13,89.48535919189453,89.48535919189453,88.39330291748047,88.63179779052734,86.50347900390625,1968085
2025-05-14,87.8661117553711,88.45606994628906,85.53137969970703,85.64434814453125,83.5877685546875,3396190
2025-05-15,84.99163055419922,85.60669708251953,84.31380462646484,85.58158874511719,83.52651977539062,2379564
2025-05-16,85.44351196289062,87.05020904541016,84.94142150878906,87.0125503540039,84.92311096191406,2356381
2025-05-19,86.121337890625,86.61087799072266,85.25523376464844,86.51045989990234,84.43307495117188,1180580
2025-05-20,86.05857849121094,86.9874496459961,85.71966552734375,86.53556823730469,84.45758819580078,2906559
2025-05-21,85.84518432617188,86.59832763671875,84.8033447265625,85.24267578125,83.19573974609375,3730949
2025-05-22,84.8033447265625,85.7698745727539,84.4518814086914,85.36820220947266,83.31825256347656,1331071
2025-05-23,83.66108703613281,85.01673889160156,83.5481185913086,84.91632080078125,82.87722778320312,1392972
2025-05-27,85.97071075439453,86.9874496459961,85.6694564819336,86.94979095458984,84.86186981201172,1528803
2025-05-28,87.15062713623047,87.23849487304688,85.14225769042969,85.46862030029297,83.41626739501953,2756148
2025-05-29,86.1087875366211,86.73640441894531,85.34309387207031,86.58577728271484,84.50659942626953,3053703
2025-05-30,85.43096160888672,85.43096160888672,83.25941467285156,83.84937286376953,82.32521057128906,3770623
2025-06-02,83.74895477294922,83.9246826171875,81.47698974609375,82.94561004638672,81.43788146972656,2818686
2025-06-03,82.87029266357422,84.85355377197266,81.97908020019531,84.65271759033203,83.11396026611328,2687635
2025-06-04,84.81590270996094,85.50627899169922,84.75313568115234,85.29288482666016,83.74249267578125,1618189
2025-06-05,85.92050170898438,85.98326110839844,84.4393310546875,84.61506652832031,83.07698822021484,1503947
2025-06-06,85.39330291748047,86.28451538085938,84.8912124633789,85.51882934570312,83.96431732177734,2199358
2025-06-09,86.48535919189453,87.47698974609375,85.99581909179688,86.08367919921875,84.51891326904297,3089633
2025-06-10,86.44770050048828,88.25523376464844,86.30962371826172,88.05438995361328,86.45379638671875,1864200
2025-06-11,88.34309387207031,88.49372100830078,86.83682250976562,87.11296844482422,85.52948760986328,1794571
2025-06-12,86.43514251708984,86.69874572753906,85.65690612792969,85.90795135498047,84.34638214111328,1248058
2025-06-13,84.4267807006836,85.5941390991211,83.62342834472656,83.93724060058594,82.41149139404297,1425555
2025-06-16,85.00418090820312,85.73221588134766,84.64016723632812,85.3305435180664,83.77946472167969,1279447
2025-06-17,84.7907943725586,85.44351196289062,83.97489166259766,84.27615356445312,82.7442398071289,2371677
2025-06-18,84.31380462646484,84.82845306396484,83.81171417236328,83.9246826171875,82.39916229248047,1410419
2025-06-20,85.28033447265625,85.43096160888672,83.00836944580078,83.07112884521484,81.56112670898438,5026568
2025-06-23,82.90795135498047,84.16317749023438,82.34309387207031,84.10041809082031,82.57170104980469,1137799
2025-06-24,84.77824401855469,85.79497528076172,84.22594451904297,85.61924743652344,84.06292724609375,1571027
2025-06-25,85.05438995361328,85.74476623535156,84.75313568115234,85.34309387207031,83.79179382324219,1190061
2025-06-26,86.1087875366211,87.22594451904297,85.89539337158203,86.96234130859375,85.38159942626953,1757845
2025-06-27,87.0,87.62761688232422,85.78242492675781,86.46025085449219,84.88863372802734,2064960
2025-06-30,86.121337890625,86.38493347167969,85.01673889160156,86.09623718261719,84.53124237060547,1279686
2025-07-01,86.14644622802734,90.47698974609375,85.79497528076172,89.68619537353516,88.05593872070312,2366498
2025-07-02,90.23849487304688,91.6694564819336,89.49790954589844,91.56903839111328,89.9045639038086,2145503
2025-07-03,93.0,93.3514633178711,91.84518432617188,92.53556823730469,90.85352325439453,1803574
2025-07-07,91.89539337158203,93.41422271728516,91.49372100830078,91.60669708251953,89.94153594970703,2934522
2025-07-08,92.18409729003906,94.7698745727539,92.18409729003906,93.47698974609375,91.77783203125,2784430
2025-07-09,94.55648803710938,95.07112884521484,93.15062713623047,94.82008361816406,93.09651184082031,1998359
2025-07-10,94.83263397216797,96.37657165527344,94.15481567382812,95.5606689453125,93.82363891601562,1647347
2025-07-11,94.65690612792969,95.27196502685547,93.48954010009766,94.75732421875,93.0348892211914,1474550
2025-07-14,94.24267578125,94.54393005371094,92.9874496459961,93.9665298461914,92.25847625732422,2498984
2025-07-15,95.14644622802734,95.27196502685547,92.9246826171875,92.9874496459961,91.29719543457031,1672920
2025-07-16,93.38912200927734,93.38912200927734,91.21757507324219,92.82426452636719,91.13697052001953,1453598
2025-07-17,92.84937286376953,93.97908020019531,92.5606689453125,93.4518814086914,91.75318145751953,1394087
2025-07-18,94.38075256347656,95.05857849121094,93.13807678222656,94.83263397216797,93.10882568359375,2747703
2025-07-21,95.69874572753906,96.64016723632812,95.02091979980469,95.33472442626953,93.60179138183594,1854799
2025-07-22,96.22594451904297,97.49372100830078,95.02091979980469,97.3305435180664,95.56134033203125,2439632
2025-07-23,98.05857849121094,98.05857849121094,95.77405548095703,96.12552642822266,94.37821960449219,2504242
2025-07-24,95.08367919921875,95.22175598144531,93.3514633178711,93.8912124633789,92.18452453613281,2472535
2025-07-25,93.97908020019531,95.2092056274414,93.31380462646484,95.1087875366211,93.37996673583984,1779116
2025-07-28,95.17154693603516,95.17154693603516,93.75313568115234,94.21757507324219,92.50496673583984,1293070
2025-07-29,94.5941390991211,94.65690612792969,93.13807678222656,93.26359558105469,91.56831359863281,1562821
2025-07-30,92.96234130859375,93.32636260986328,89.96234130859375,90.62761688232422,88.98025512695312,2677836
2025-07-31,89.9874496459961,90.95397186279297,89.43514251708984,90.25104522705078,88.61051940917969,2634656
2025-08-01,88.48117065429688,88.80753326416016,86.58577728271484,87.7907943725586,86.19499206542969,3379301
2025-08-04,88.44351196289062,89.0334701538086,87.7907943725586,89.00836944580078,87.39043426513672,3318196
2025-08-05,95.04602813720703,95.39749145507812,89.15899658203125,91.12970733642578,89.47321319580078,7570723
2025-08-06,92.121337890625,92.68619537353516,88.45606994628906,88.87029266357422,87.25486755371094,3511388
2025-08-07,90.28870391845703,90.75313568115234,87.9665298461914,88.97071075439453,87.35346221923828,2549413
2025-08-08,89.23430633544922,89.27196502685547,87.67782592773438,88.45606994628906,86.84818267822266,2393665
2025-08-11,88.71966552734375,89.07112884521484,87.26359558105469,87.74058532714844,86.14569854736328,2990926
2025-08-12,88.41841125488281,90.65271759033203,87.74058532714844,90.28870391845703,88.64749908447266,2490858
2025-08-13,91.01673889160156,92.97489166259766,90.4518814086914,92.87447357177734,91.18627166748047,2061455
2025-08-14,91.7698745727539,92.5732192993164,90.91632080078125,92.41004180908203,90.73027038574219,1372577
2025-08-15,92.9246826171875,93.33891296386719,91.60669708251953,91.73221588134766,90.06477355957031,1832094
2025-08-18,91.79497528076172,92.5732192993164,91.38075256347656,91.87029266357422,90.2003402709961,1674832
2025-08-19,92.28451538085938,93.28870391845703,91.98326110839844,92.61087799072266,90.92745971679688,1432566
2025-08-20,92.4728012084961,94.4058609008789,92.33472442626953,93.48954010009766,91.79015350341797,2286513
2025-08-21,92.77405548095703,93.66527557373047,92.4728012084961,93.57740783691406,91.87642669677734,1769317
2025-08-22,94.19246673583984,97.3054428100586,94.09204864501953,97.05438995361328,95.29019927978516,1743346
2025-08-25,96.65271759033203,97.26778411865234,96.30125427246094,96.60250854492188,94.8465347290039,1854162
2025-08-26,96.4393310546875,97.2301254272461,96.16317749023438,97.02928924560547,95.26556396484375,1509922
2025-08-27,96.76569366455078,97.95816040039062,96.61506652832031,97.6945571899414,95.91873168945312,1280164
2025-08-28,98.07112884521484,98.34728240966797,96.55229949951172,97.44351196289062,95.67225646972656,2451184
2025-08-29,97.10460662841797,97.93305206298828,96.53974914550781,96.55229949951172,95.3005599975586,2132119
2025-09-02,95.15899658203125,95.39749145507812,93.97908020019531,95.1338882446289,93.90054321289062,2064880
2025-09-03,94.70711517333984,95.52301025390625,94.38075256347656,94.85774230957031,93.62797546386719,1651570
2025-09-04,94.64434814453125,96.9665298461914,93.99163055419922,96.84100341796875,95.58552551269531,2691857
2025-09-05,96.9665298461914,98.5732192993164,96.57740783691406,97.6820068359375,96.4156265258789,2688670
2025-09-08,97.35565185546875,97.6945571899414,95.67363739013672,97.58158874511719,96.31651306152344,2325470
2025-09-09,97.39330291748047,97.44351196289062,96.0,96.33891296386719,95.0899429321289,1531751
2025-09-10,95.88703155517578,96.82845306396484,95.24686431884766,95.52301025390625,94.28462219238281,1490962
2025-09-11,95.79916381835938,98.00836944580078,95.38493347167969,97.89539337158203,96.62625122070312,2059224
2025-09-12,97.36820220947266,98.96234130859375,96.67782592773438,97.01673889160156,95.75897979736328,1367956
2025-09-15,97.6694564819336,98.17154693603516,96.57740783691406,96.7907943725586,95.53596496582031,2496355
2025-09-16,97.04183959960938,97.51882934570312,96.27615356445312,96.8661117553711,95.61030578613281,1887622
2025-09-17,97.04183959960938,99.0125503540039,96.03765869140625,96.37657165527344,95.12711334228516,3011241
2025-09-18,96.57740783691406,98.43514251708984,95.61087799072266,98.0334701538086,96.76253509521484,2714960
2025-09-19,98.1966552734375,98.41004180908203,96.72803497314453,98.0334701538086,96.76253509521484,5292655
2025-09-22,97.80753326416016,99.69037628173828,96.95397186279297,98.23430633544922,96.96076202392578,3770145
2025-09-23,98.635986328125,99.41422271728516,97.20502471923828,97.24267578125,95.98199462890625,3747440
2025-09-24,97.3054428100586,98.08367919921875,94.38075256347656,95.15899658203125,93.92532348632812,2751527
2025-09-25,94.95816040039062,95.25941467285156,93.21338653564453,93.57740783691406,92.36424255371094,1905706
2025-09-26,94.34309387207031,96.03765869140625,94.10460662841797,95.62342834472656,94.38373565673828,2164304
2025-09-29,96.57740783691406,97.2301254272461,95.43514251708984,96.70292663574219,95.4492416381836,2404977
2025-09-30,96.40167236328125,97.82008361816406,96.18828582763672,97.78242492675781,96.51473999023438,2851668
2025-10-01,97.24267578125,98.82426452636719,97.2301254272461,98.18409729003906,96.91120910644531,2224453
2025-10-02,98.28451538085938,101.73640441894531,98.22175598144531,101.66108703613281,100.34312438964844,3360738
2025-10-03,101.89958190917969,102.66527557373047,100.00418090820312,100.06694793701172,98.76964569091797,3164440
2025-10-06,100.51882934570312,102.8912124633789,100.35565185546875,101.44770050048828,100.13249969482422,2534834
2025-10-07,101.61087799072266,101.9874496459961,98.52301025390625,99.0125503540039,97.72892761230469,2074122
2025-10-08,99.26359558105469,99.81590270996094,98.23430633544922,98.37238311767578,97.09705352783203,1523147
2025-10-09,98.82426452636719,99.53974914550781,97.29288482666016,97.70711517333984,96.4404067993164,1925065
2025-10-10,98.05857849121094,99.0,92.48535919189453,92.51045989990234,91.31112670898438,3421444
2025-10-13,93.81590270996094,96.50209045410156,93.81590270996094,95.33472442626953,94.09877014160156,2227400
2025-10-14,93.8033447265625,97.70711517333984,93.70292663574219,97.38075256347656,96.11827850341797,2185735
2025-10-15,98.24686431884766,99.97908020019531,97.73221588134766,98.5732192993164,97.2952880859375,2536666
2025-10-16,99.16317749023438,99.26359558105469,97.34309387207031,98.07112884521484,96.7997055053711,2612668
2025-10-17,98.41004180908203,100.56903839111328,98.25941467285156,99.878662109375,98.58380889892578,2970531
2025-10-20,100.56903839111328,101.72384643554688,100.41841125488281,101.61087799072266,100.29356384277344,2426169
2025-10-21,101.67363739013672,102.70292663574219,101.48535919189453,101.83682250976562,100.5165786743164,1786127
2025-10-22,101.30962371826172,101.76150512695312,99.20083618164062,100.05438995361328,98.75725555419922,1586163
2025-10-23,100.98326110839844,102.58995819091797,100.6820068359375,102.03765869140625,100.71481323242188,1520837
2025-10-24,102.8033447265625,103.05438995361328,101.46025085449219,101.68619537353516,100.36790466308594,1395999
2025-10-27,101.86192321777344,103.46862030029297,101.44770050048828,102.15062713623047,100.8263168334961,2456442
2025-10-28,102.23849487304688,104.39749145507812,101.89958190917969,102.8033447265625,101.47057342529297,3012037
2025-10-29,102.33891296386719,104.68619537353516,102.33891296386719,103.12970733642578,101.7927017211914,2727946
2025-10-30,102.0125503540039,103.39330291748047,101.1338882446289,102.26359558105469,100.93781280517578,2762760
2025-10-31,102.15062713623047,104.34728240966797,101.76150512695312,102.48954010009766,101.16082763671875,3190809
2025-11-03,101.06999969482422,104.69999694824219,100.0199966430664,104.06999969482422,102.7208023071289,6834433
2025-11-04,102.72000122070312,113.87999725341797,102.23999786376953,113.27999877929688,111.8114013671875,7261833
2025-11-05,114.23999786376953,119.58000183105469,113.8499984741211,118.88999938964844,117.34867095947266,5263033
2025-11-06,117.75,120.33000183105469,116.63999938964844,117.44999694824219,115.9273452758789,3692167
2025-11-07,116.97000122070312,119.8499984741211,115.52999877929688,119.4000015258789,117.85206604003906,2442800
2025-11-10,120.0,121.19999694824219,118.13999938964844,120.72000122070312,119.15495300292969,2234200
2025-11-11,120.95999908447266,122.4000015258789,120.51000213623047,121.19999694824219,119.62872314453125,2343033
2025-11-12,121.62000274658203,123.69000244140625,121.62000274658203,122.37000274658203,120.78355407714844,1916000
2025-11-13,122.37000274658203,123.54000091552734,121.11000061035156,121.80000305175781,120.220947265625,1795100
2025-11-14,120.05999755859375,121.58999633789062,118.88999938964844,119.12999725341797,117.58556365966797,2252000
2025-11-17,118.9800033569336,119.61000061035156,115.3499984741211,115.94999694824219,114.44679260253906,1481467
2025-11-18,115.31999969482422,117.51000213623047,114.41999816894531,116.0999984741211,114.59484100341797,1984467
2025-11-19,116.43000030517578,116.69999694824219,112.44000244140625,113.63999938964844,112.16674041748047,2015000
2025-11-20,115.2300033569336,115.37999725341797,111.1500015258789,111.36000061035156,109.91629028320312,2335667
2025-11-21,111.87000274658203,116.55000305175781,111.75,115.62000274658203,114.12106323242188,1596867
2025-11-24,115.83000183105469,116.66999816894531,114.66000366210938,115.41000366210938,113.91378784179688,2660933
2025-11-25,115.7699966430664,117.20999908447266,114.69000244140625,116.33999633789062,114.83172607421875,2144733
2025-11-26,116.45999908447266,118.68000030517578,116.33999633789062,118.31999969482422,116.78606414794922,1349500
2025-11-28,118.26000213623047,119.48999786376953,117.95999908447266,119.30999755859375,118.36344146728516,761900
2025-12-01,118.05000305175781,121.44000244140625,116.79000091552734,119.7300033569336,118.78011322021484,2005067
2025-12-02,120.20999908447266,120.83999633789062,117.95999908447266,118.55999755859375,117.61939239501953,1410800
2025-12-03,118.9800033569336,120.30000305175781,118.29000091552734,118.9800033569336,118.03606414794922,1341433
2025-12-04,118.83000183105469,120.93000030517578,118.6500015258789,119.45999908447266,118.51226043701172,1395233
2025-12-05,119.69999694824219,122.30999755859375,119.43000030517578,121.52999877929688,120.56583404541016,1496933
2025-12-08,121.62000274658203,122.66999816894531,121.0199966430664,121.73999786376953,120.77416229248047,1474067
2025-12-09,121.26000213623047,123.38999938964844,121.05000305175781,121.83000183105469,120.86345672607422,1225600
2025-12-10,121.83000183105469,123.80999755859375,121.70999908447266,122.87999725341797,121.90512084960938,1597967
2025-12-11,122.7300033569336,125.4000015258789,122.61000061035156,124.47000122070312,123.48251342773438,1061733
2025-12-12,124.80000305175781,125.48999786376953,122.43000030517578,122.79000091552734,121.81583404541016,1608067
2025-12-15,123.9000015258789,124.47000122070312,121.08000183105469,121.83000183105469,120.86345672607422,1985600
2025-12-16,121.88999938964844,122.5199966430664,120.5999984741211,121.3499984741211,120.38726043701172,1801300
2025-12-17,121.31999969482422,122.94000244140625,120.69000244140625,121.80000305175781,120.83369445800781,1556467
2025-12-18,122.55000305175781,123.0,121.37999725341797,121.52999877929688,120.56583404541016,1848267
2025-12-19,122.58000183105469,124.41000366210938,121.88999938964844,123.77999877929688,122.79798889160156,4822200
2025-12-22,124.52999877929688,125.55000305175781,123.56999969482422,124.44000244140625,123.45275115966797,1288833
2025-12-23,124.16999816894531,124.41000366210938,122.97000122070312,123.12000274658203,122.14321899414062,2282533
2025-12-24,123.5999984741211,123.5999984741211,122.33999633789062,123.20999908447266,122.23250579833984,639567
2025-12-26,123.18000030517578,123.93000030517578,122.7300033569336,123.77999877929688,122.79798889160156,871533
2025-12-29,123.56999969482422,123.69000244140625,121.73999786376953,122.66999816894531,121.69678497314453,1222767
2025-12-30,122.76000213623047,123.02999877929688,121.58999633789062,122.04000091552734,121.07178497314453,1022867
2025-12-31,121.83000183105469,121.88999938964844,120.54000091552734,120.5999984741211,119.6432113647461,1011900
2026-01-02,121.31999969482422,122.66999816894531,120.56999969482422,122.61000061035156,121.63726806640625,1380100
2026-01-05,122.12999725341797,126.51000213623047,122.04000091552734,126.02999877929688,125.03013610839844,1741133
2026-01-06,125.76000213623047,131.07000732421875,125.16000366210938,130.32000732421875,129.28610229492188,1996367
2026-01-07,130.35000610351562,130.44000244140625,127.80000305175781,129.69000244140625,128.66110229492188,1363633
2026-01-08,129.6300048828125,131.82000732421875,128.97000122070312,130.1999969482422,129.1670379638672,1460167
2026-01-09,131.0399932861328,132.4499969482422,130.3800048828125,131.42999267578125,130.3872833251953,950333
2026-01-12,131.6699981689453,132.0,129.77999877929688,130.2899932861328,129.25633239746094,1376900
2026-01-13,130.52999877929688,132.14999389648438,129.6300048828125,131.3699951171875,130.32777404785156,1411900
2026-01-14,131.82000732421875,132.50999450683594,127.31999969482422,128.6699981689453,127.64918518066406,4408133
2026-01-15,129.6300048828125,131.82000732421875,129.14999389648438,130.1699981689453,129.1372833251953,1695633
2026-01-16,130.2899932861328,130.9199981689453,128.4600067138672,128.5800018310547,127.5599136352539,1458300
2026-01-20,126.83999633789062,127.73999786376953,125.55000305175781,126.83999633789062,125.83370971679688,1616267
2026-01-21,128.61000061035156,130.8000030517578,128.0399932861328,130.13999938964844,129.10752868652344,1474300
2026-01-22,131.10000610351562,134.8800048828125,130.8000030517578,131.3699951171875,130.32777404785156,2671300
2026-01-23,131.30999755859375,133.41000366210938,130.5,132.4199981689453,131.36944580078125,1928233
2026-01-26,132.9600067138672,133.86000061035156,132.3000030517578,132.60000610351562,131.5480194091797,1057567
2026-01-27,132.60000610351562,134.49000549316406,132.24000549316406,133.8300018310547,132.76824951171875,1031100
2026-01-28,134.16000366210938,135.02999877929688,132.47999572753906,133.88999938964844,132.82777404785156,1127533
2026-01-29,134.1300048828125,135.2100067138672,131.49000549316406,133.8000030517578,132.73849487304688,893400
2026-01-30,131.97000122070312,133.0800018310547,129.27000427246094,131.75999450683594,130.7146759033203,1497033
2026-02-02,131.42999267578125,133.55999755859375,131.0399932861328,133.2899932861328,132.23252868652344,1174600
2026-02-03,134.27999877929688,137.63999938964844,133.25999450683594,135.89999389648438,134.8218231201172,1654033
2026-02-04,137.19000244140625,144.08999633789062,136.8000030517578,143.49000549316406,142.35162353515625,2518933
2026-02-05,141.3000030517578,141.75,135.66000366210938,137.0399932861328,135.95278930664062,1776833
2026-02-06,138.75,140.52000427246094,137.33999633789062,140.19000244140625,139.0778045654297,1185533
2026-02-09,139.41000366210938,141.66000366210938,138.99000549316406,141.3000030517578,140.1790008544922,1439233
2026-02-10,144.99000549316406,148.67999267578125,142.1699981689453,148.2899932861328,147.113525390625,2726633
2026-02-11,149.63999938964844,155.63999938964844,149.5500030517578,154.58999633789062,153.36355590820312,4137067
2026-02-12,155.72999572753906,157.97999572753906,147.69000244140625,148.2899932861328,147.113525390625,2671800
2026-02-13,148.25999450683594,150.89999389648438,146.6999969482422,150.66000366210938,149.46473693847656,1421700
2026-02-17,149.97000122070312,152.6999969482422,149.63999938964844,152.61000061035156,151.39926147460938,1524800
2026-02-18,153.92999267578125,155.97000122070312,153.17999267578125,154.0500030517578,152.8278350830078,1500100
2026-02-19,153.6300048828125,154.6199951171875,150.27000427246094,150.72000122070312,149.5242462158203,1726167
2026-02-20,150.4499969482422,152.85000610351562,149.30999755859375,151.22999572753906,150.03021240234375,1621767
2026-02-23,150.77999877929688,151.9499969482422,148.1699981689453,150.24000549316406,149.04806518554688,1077367
2026-02-24,150.9600067138672,153.60000610351562,150.9600067138672,153.2100067138672,151.9945068359375,844100
2026-02-25,153.9600067138672,154.41000366210938,149.94000244140625,152.22000122070312,151.01234436035156,916433
2026-02-26,152.19000244140625,153.72000122070312,149.00999450683594,151.0500030517578,149.8516387939453,950900
2026-02-27,149.5800018310547,150.6300048828125,148.6199951171875,150.1199951171875,148.92901611328125,1280767
2026-03-02,147.24000549316406,149.91000366210938,144.69000244140625,148.9199981689453,148.3313751220703,1149933
2026-03-03,144.80999755859375,145.8300018310547,141.4199981689453,144.80999755859375,144.2376251220703,1182733
2026-03-04,146.30999755859375,147.24000549316406,143.75999450683594,144.24000549316406,143.66989135742188,1155233
2026-03-05,143.85000610351562,144.60000610351562,139.13999938964844,140.16000366210938,139.60601806640625,1791000
2026-03-06,136.22999572753906,137.8800048828125,132.80999755859375,135.77999877929688,135.24331665039062,2195633
2026-03-09,132.5399932861328,136.32000732421875,129.14999389648438,135.72000122070312,135.18356323242188,1943167
2026-03-10,136.0800018310547,140.25,134.42999267578125,137.91000366210938,137.36489868164062,1146867
2026-03-11,137.10000610351562,138.0,135.38999938964844,137.97000122070312,137.42466735839844,1253167
2026-03-12,136.13999938964844,136.8000030517578,134.10000610351562,136.02000427246094,135.4823760986328,1817100
2026-03-13,137.0399932861328,137.75999450683594,134.22000122070312,134.6999969482422,134.16758728027344,896300
2026-03-16,135.92999267578125,138.24000549316406,135.69000244140625,136.1999969482422,135.66165161132812,951200
2026-03-17,137.6699981689453,138.6300048828125,136.35000610351562,136.6199951171875,136.0800018310547,837433
2026-03-18,135.8699951171875,136.1999969482422,131.75999450683594,132.0,131.47825622558594,1524900
2026-03-19,129.92999267578125,131.4600067138672,127.91999816894531,130.55999755859375,130.0439453125,1521200
2026-03-20,131.22000122070312,131.75999450683594,126.12000274658203,127.31999969482422,126.81675720214844,3335500
2026-03-23,131.52000427246094,134.91000366210938,130.44000244140625,132.4199981689453,131.8966064453125,1912367
2026-03-24,131.19000244140625,137.3699951171875,130.74000549316406,135.99000549316406,135.45249938964844,1512400
2026-03-25,138.0,139.32000732421875,136.67999267578125,138.99000549316406,138.44064331054688,987200
2026-03-26,137.6699981689453,139.41000366210938,137.25,138.05999755859375,137.51431274414062,890700
2026-03-27,137.25,138.08999633789062,135.36000061035156,135.77999877929688,135.24331665039062,1166833
2026-03-30,137.19000244140625,137.49000549316406,131.7899932861328,132.66000366210938,132.13565063476562,1514767
2026-03-31,134.97000122070312,138.6300048828125,134.25,137.39999389648438,136.85691833496094,1332600
2026-04-01,138.92999267578125,140.8800048828125,138.14999389648438,138.6300048828125,138.08206176757812,1113333
2026-04-02,136.25999450683594,138.80999755859375,134.7899932861328,136.44000244140625,135.9007110595703,891300
2026-04-06,136.2899932861328,136.77000427246094,134.5800018310547,136.7100067138672,136.16964721679688,881900
2026-04-07,136.97999572753906,136.97999572753906,134.94000244140625,136.58999633789062,136.05010986328125,951533
2026-04-08,141.66000366210938,143.6699981689453,140.39999389648438,143.5500030517578,142.9826202392578,1125167
2026-04-09,142.41000366210938,144.66000366210938,141.99000549316406,142.25999450683594,141.6977081298828,977533
2026-04-10,143.33999633789062,143.49000549316406,141.24000549316406,141.75,141.18972778320312,731800
2026-04-13,140.63999938964844,141.89999389648438,139.55999755859375,141.4499969482422,140.89089965820312,1035167
2026-04-14,142.0800018310547,142.0800018310547,138.6300048828125,140.0399932861328,139.48648071289062,868667
2026-04-15,140.22000122070312,140.22000122070312,137.00999450683594,138.17999267578125,137.6338348388672,1087500
2026-04-16,138.6300048828125,140.39999389648438,138.0,140.25,139.69564819335938,970133
2026-04-17,140.97000122070312,144.24000549316406,140.25,142.0500030517578,141.48854064941406,1167500
2026-04-20,141.92999267578125,142.8000030517578,140.33999633789062,141.0,140.44268798828125,737667
2026-04-21,140.97000122070312,142.35000610351562,139.32000732421875,140.1300048828125,139.5761260986328,1190833
2026-04-22,141.60000610351562,142.0800018310547,137.00999450683594,137.94000244140625,137.39479064941406,1069667
2026-04-23,138.77999877929688,139.35000610351562,136.97999572753906,139.11000061035156,138.56016540527344,874333
2026-04-24,139.6199951171875,139.6199951171875,137.39999389648438,138.99000549316406,138.44064331054688,901367
2026-04-27,138.92999267578125,141.27000427246094,138.66000366210938,140.07000732421875,139.51637268066406,793000
2026-04-28,140.49000549316406,140.6999969482422,135.4499969482422,135.99000549316406,135.45249938964844,826967
2026-04-29,136.11000061035156,137.27999877929688,133.5,133.86000061035156,133.33091735839844,870367
2026-04-30,135.27000427246094,138.02999877929688,134.16000366210938,136.97999572753906,136.43856811523438,1348600
2026-05-01,137.42999267578125,139.1699981689453,136.47000122070312,138.72000122070312,138.1717071533203,1089900
2026-05-04,138.17999267578125,138.72000122070312,134.52000427246094,136.22999572753906,135.69154357910156,1218067
2026-05-05,138.4199981689453,150.47999572753906,138.4199981689453,147.72000122070312,147.13612365722656,2413233
2026-05-06,148.97999572753906,150.89999389648438,145.8000030517578,150.2100067138672,149.6162872314453,2007133
2026-05-07,149.5500030517578,150.4199981689453,144.89999389648438,145.0800018310547,144.50656127929688,1459000
2026-05-08,147.99000549316406,149.39999389648438,146.19000244140625,149.27999877929688,148.68995666503906,1318933
2026-05-11,150.0,153.66000366210938,149.94000244140625,151.74000549316406,151.14024353027344,1613100
2026-05-12,150.8699951171875,152.22000122070312,147.5399932861328,151.6199951171875,151.0207061767578,1274867
2026-05-13,152.61000061035156,154.9199981689453,151.11000061035156,153.47999572753906,152.87335205078125,1483467
2026-05-14,153.02999877929688,153.69000244140625,150.99000549316406,151.8000030517578,151.1999969482422,1245667
2026-05-15,148.67999267578125,148.88999938964844,146.75999450683594,147.92999267578125,147.92999267578125,1517233
2026-05-18,148.41000366210938,149.10000610351562,145.64999389648438,145.9199981689453,145.9199981689453,1545433
2026-05-19,144.27000427246094,144.83999633789062,138.75,139.67999267578125,139.67999267578125,1508867
2026-05-20,140.27999877929688,144.17999267578125,140.25,141.75,141.75,1190400
2026-05-21,141.0,142.9499969482422,138.27000427246094,141.4499969482422,141.4499969482422,1164833
2026-05-22,142.2899932861328,144.89999389648438,141.75,144.36000061035156,144.36000061035156,758900
2026-05-26,149.6999969482422,151.5,147.4199981689453,148.3800048828125,148.3800048828125,1174633
2026-05-27,149.0399932861328,149.0399932861328,142.0800018310547,142.97999572753906,142.97999572753906,1580200
2026-05-28,142.44000244140625,143.94000244140625,141.2100067138672,143.1300048828125,143.1300048828125,977133
2026-05-29,142.41000366210938,145.97999572753906,142.25999450683594,145.25999450683594,145.25999450683594,2124700
2026-06-01,143.6999969482422,144.69000244140625,141.3000030517578,142.77000427246094,142.77000427246094,1125400
2026-06-02,143.6699981689453,148.02000427246094,143.22000122070312,145.97999572753906,145.97999572753906,828467
2026-06-03,145.13999938964844,146.33999633789062,143.8800048828125,143.91000366210938,143.91000366210938,741333
2026-06-04,144.05999755859375,144.17999267578125,141.4199981689453,142.9499969482422,142.9499969482422,903467
2026-06-05,142.11000061035156,143.52000427246094,139.88999938964844,140.5500030517578,140.5500030517578,891900
2026-06-08,141.77999877929688,142.41000366210938,139.64999389648438,140.97000122070312,140.97000122070312,779133
2026-06-09,142.9499969482422,143.6999969482422,137.6699981689453,141.17999267578125,141.17999267578125,1149533
2026-06-10,140.30999755859375,140.5800018310547,134.7899932861328,135.17999267578125,135.17999267578125,1031867
2026-06-11,136.0800018310547,140.63999938964844,135.38999938964844,140.52000427246094,140.52000427246094,1204900
2026-06-12,142.47000122070312,144.77999877929688,141.38999938964844,144.77999877929688,144.77999877929688,978133
2026-06-15,147.14999389648438,148.67999267578125,145.58999633789062,145.6199951171875,145.6199951171875,1410367
2026-06-16,146.25,146.94000244140625,143.85000610351562,144.1199951171875,144.1199951171875,1039733
2026-06-17,145.0800018310547,148.47000122070312,143.61000061035156,143.85000610351562,143.85000610351562,1609400
2026-06-18,145.8000030517578,146.5800018310547,142.1999969482422,143.1300048828125,143.1300048828125,2431000
2026-06-22,141.92999267578125,144.99000549316406,141.89999389648438,144.57000732421875,144.57000732421875,1666067
2026-06-23,142.2899932861328,143.63999938964844,139.77000427246094,140.00999450683594,140.00999450683594,1178300
2026-06-24,144.75,144.85000610351562,136.77000427246094,137.82000732421875,137.82000732421875,1990700
2026-06-25,139.52999877929688,141.22000122070312,135.88999938964844,137.8000030517578,137.8000030517578,1770300
2026-06-26,136.35000610351562,137.22000122070312,131.13999938964844,137.22000122070312,137.22000122070312,3014400
2026-06-29,135.77000427246094,136.19000244140625,132.1300048828125,135.74000549316406,135.74000549316406,1913100
2026-06-30,136.30999755859375,136.60000610351562,134.8000030517578,135.63999938964844,135.63999938964844,1649900
2026-07-01,134.8699951171875,139.69000244140625,134.39999389648438,138.47000122070312,138.47000122070312,1444200
2026-07-02,139.9199981689453,141.16000366210938,138.77999877929688,139.91000366210938,139.91000366210938,1235600
2026-07-06,140.42999267578125,141.99000549316406,139.8699951171875,141.0500030517578,141.0500030517578,1311900
2026-07-07,140.2100067138672,140.92999267578125,137.75999450683594,139.61000061035156,139.61000061035156,1435800
2026-07-08,137.77000427246094,138.0399932861328,133.72999572753906,136.97000122070312,136.97000122070312,1348300
2026-07-09,138.13999938964844,138.60000610351562,134.50999450683594,134.7899932861328,134.7899932861328,1403200
2026-07-10,135.0399932861328,136.17999267578125,134.1199951171875,134.67999267578125,134.67999267578125,1051700
2026-07-13,135.0,135.89999389648438,131.99000549316406,132.66000366210938,132.66000366210938,1009600
2026-07-14,133.97999572753906,135.33999633789062,133.0800018310547,134.1699981689453,134.1699981689453,745700
2026-07-15,134.1699981689453,135.6300048828125,132.75999450683594,134.86000061035156,134.86000061035156,1091500
2026-07-16,133.5800018310547,135.16000366210938,132.33999633789062,134.2899932861328,134.2899932861328,1185100
2026-07-17,132.77000427246094,135.8000030517578,132.33999633789062,135.2899932861328,135.2899932861328,1311900
2026-07-20,135.88999938964844,138.47000122070312,134.91000366210938,135.75,135.75,1349700
2026-07-21,137.0,139.52999877929688,135.52000427246094,138.7899932861328,138.7899932861328,1456500
2026-07-22,138.8000030517578,142.17999267578125,138.8000030517578,139.63999938964844,139.63999938964844,1035900
2026-07-23,138.44000244140625,139.88999938964844,136.10000610351562,137.39999389648438,137.39999389648438,1248300
2026-07-24,137.80999755859375,138.94000244140625,137.0800018310547,137.6999969482422,137.6999969482422,800500
2026-07-27,138.72999572753906,140.02999877929688,137.44000244140625,139.9600067138672,139.9600067138672,1079400
2026-07-28,140.47000122070312,142.6699981689453,139.49000549316406,140.77000427246094,140.77000427246094,1338800
2026-07-29,141.0800018310547,141.0800018310547,136.39999389648438,138.10000610351562,138.10000610351562,1463500
2026-07-30,140.0,140.99000549316406,138.33999633789062,138.83999633789062,138.83999633789062,1690000
2026-07-31,137.9499969482422,139.39999389648438,136.5800018310547,137.0,137.0,7537000
2026-08-03,138.3800048828125,141.58999633789062,137.17999267578125,141.27999877929688,141.27999877929688,2019100
2026-08-04,130.19000244140625,143.5500030517578,130.19000244140625,142.92999267578125,142.92999267578125,3279100
2026-08-05,143.72999572753906,147.86000061035156,143.30999755859375,147.3699951171875,147.3699951171875,1533500
2026-08-06,147.8000030517578,149.4199981689453,143.3300018310547,144.0500030517578,144.0500030517578,1859600
2026-08-07,144.8000030517578,146.1999969482422,141.7899932861328,142.47000122070312,142.47000122070312,1367000
2026-08-10,142.85000610351562,142.97000122070312,140.30999755859375,141.5500030517578,141.5500030517578,1337500
2026-08-11,141.33999633789062,146.35000610351562,141.33999633789062,144.49000549316406,144.49000549316406,1189800
2026-08-12,144.4499969482422,144.9499969482422,142.14999389648438,144.3699951171875,144.3699951171875,1422700
2026-08-13,144.30999755859375,144.83999633789062,143.02999877929688,144.10000610351562,144.10000610351562,908200
2026-08-14,143.67999267578125,146.81500244140625,143.14500427246094,146.25999450683594,146.25999450683594,879624
