Date,Open,High,Low,Close,Adj Close,Volume
2023-09-01,24.520000457763672,24.690000534057617,24.510000228881836,24.690000534057617,19.825410842895508,45900
2023-09-05,24.700000762939453,24.700000762939453,24.599000930786133,24.610000610351562,19.761173248291016,30100
2023-09-06,24.600000381469727,24.600000381469727,24.530000686645508,24.530000686645508,19.696935653686523,14700
2023-09-07,24.600000381469727,24.600000381469727,24.549999237060547,24.576000213623047,19.733871459960938,9300
2023-09-08,24.68000030517578,24.700000762939453,24.579999923706055,24.649999618530273,19.793291091918945,17600
2023-09-11,24.690000534057617,24.799999237060547,24.666000366210938,24.72599983215332,19.85431480407715,32800
2023-09-12,24.75,24.75,24.700000762939453,24.729999542236328,19.857528686523438,17100
2023-09-13,24.700000762939453,24.770000457763672,23.479999542236328,24.740999221801758,19.866361618041992,17400
2023-09-14,24.735000610351562,24.75,24.56999969482422,24.690000534057617,19.825410842895508,4900
2023-09-15,24.690000534057617,24.700000762939453,24.690000534057617,24.700000762939453,19.833438873291016,6000
2023-09-18,24.790000915527344,24.790000915527344,24.614999771118164,24.649999618530273,19.793291091918945,6300
2023-09-19,24.68000030517578,24.700000762939453,24.663999557495117,24.700000762939453,19.833438873291016,8200
2023-09-20,24.649999618530273,24.68000030517578,24.6200008392334,24.68000030517578,19.8173828125,4000
2023-09-21,24.6299991607666,24.6299991607666,24.575000762939453,24.625,19.773216247558594,9700
2023-09-22,24.600000381469727,24.600000381469727,24.549999237060547,24.600000381469727,19.753143310546875,3700
2023-09-25,24.4950008392334,24.579999923706055,24.4950008392334,24.530000686645508,19.696935653686523,4000
2023-09-26,24.5,24.5,24.3799991607666,24.399999618530273,19.592548370361328,26900
2023-09-27,24.399999618530273,24.399999618530273,24.25,24.25,19.472105026245117,6400
2023-09-28,24.25,24.39900016784668,24.25,24.325000762939453,19.532323837280273,6100
2023-09-29,24.389999389648438,24.389999389648438,24.079999923706055,24.079999923706055,19.335596084594727,20600
2023-10-02,24.200000762939453,24.450000762939453,24.18000030517578,24.229999542236328,19.456043243408203,1300
2023-10-03,24.25,24.290000915527344,24.0,24.049999237060547,19.311506271362305,5500
2023-10-04,24.128999710083008,24.219999313354492,24.0,24.165000915527344,19.403846740722656,6500
2023-10-05,24.200000762939453,24.34000015258789,24.170000076293945,24.18000030517578,19.415895462036133,2600
2023-10-06,24.09000015258789,24.09000015258789,24.049999237060547,24.049999237060547,19.311506271362305,600
2023-10-09,24.06399917602539,24.09000015258789,24.0,24.09000015258789,19.343626022338867,1800
2023-10-10,24.2450008392334,24.389999389648438,24.2450008392334,24.3799991607666,19.57649040222168,4400
2023-10-11,24.389999389648438,24.389999389648438,24.329999923706055,24.329999923706055,19.536340713500977,4400
2023-10-12,24.489999771118164,24.579999923706055,24.302000045776367,24.479999542236328,19.65678596496582,7600
2023-10-13,24.479999542236328,24.5,24.299999237060547,24.5,19.6728458404541,1400
2023-10-16,24.5,24.799999237060547,24.5,24.729999542236328,19.857528686523438,17800
2023-10-17,24.790000915527344,24.899999618530273,24.700000762939453,24.799999237060547,19.913734436035156,6700
2023-10-18,24.899999618530273,24.905000686645508,24.725000381469727,24.760000228881836,19.88161849975586,3400
2023-10-19,24.80500030517578,24.899999618530273,24.700000762939453,24.799999237060547,19.913734436035156,7200
2023-10-20,24.850000381469727,24.899999618530273,24.790000915527344,24.858999252319336,19.961111068725586,5600
2023-10-23,24.799999237060547,24.799999237060547,24.700000762939453,24.700000762939453,19.833438873291016,1400
2023-10-24,24.700000762939453,24.899999618530273,24.700000762939453,24.78499984741211,19.901691436767578,3200
2023-10-25,24.799999237060547,24.850000381469727,24.709999084472656,24.75,19.87358856201172,1600
2023-10-26,24.75,24.899999618530273,24.75,24.809999465942383,19.92176628112793,9100
2023-10-27,24.899999618530273,24.899999618530273,24.75,24.899999618530273,19.994033813476562,4600
2023-10-30,24.760000228881836,24.80500030517578,24.549999237060547,24.799999237060547,19.913734436035156,6000
2023-10-31,24.799999237060547,24.899999618530273,24.709999084472656,24.850000381469727,19.953886032104492,8700
2023-11-01,24.867000579833984,24.867000579833984,24.719999313354492,24.719999313354492,19.849496841430664,2600
2023-11-02,24.83099937438965,24.847999572753906,24.719999313354492,24.719999313354492,19.849496841430664,2400
2023-11-03,24.857999801635742,25.0,24.857999801635742,24.966999053955078,20.04783058166504,9500
2023-11-06,24.988000869750977,25.0,24.889999389648438,24.993999481201172,20.06951332092285,7000
2023-11-07,24.979999542236328,25.107999801635742,24.8799991607666,25.100000381469727,20.15462875366211,10400
2023-11-08,25.010000228881836,25.145000457763672,24.979999542236328,25.06999969482422,20.130538940429688,7300
2023-11-09,24.899999618530273,25.049999237060547,24.899999618530273,25.049999237060547,20.11448097229004,9000
2023-11-10,25.0,25.040000915527344,24.889999389648438,25.040000915527344,20.106449127197266,10000
2023-11-13,25.040000915527344,25.040000915527344,25.020000457763672,25.020000457763672,20.09039306640625,3200
2023-11-14,24.940000534057617,24.950000762939453,24.75,24.861000061035156,20.374774932861328,15000
2023-11-15,24.639999389648438,24.969999313354492,24.610000610351562,24.75,20.283803939819336,3800
2023-11-16,24.858999252319336,24.858999252319336,24.799999237060547,24.804000854492188,20.328060150146484,3100
2023-11-17,24.780000686645508,24.899999618530273,24.700000762939453,24.700000762939453,20.242826461791992,5500
2023-11-20,24.809999465942383,24.899999618530273,24.700000762939453,24.899999618530273,20.406734466552734,3100
2023-11-21,24.850000381469727,24.899999618530273,24.790000915527344,24.790000915527344,20.316587448120117,2700
2023-11-22,24.799999237060547,24.850000381469727,24.775999069213867,24.775999069213867,20.305110931396484,2700
2023-11-24,24.775999069213867,24.775999069213867,24.775999069213867,24.775999069213867,20.305110931396484,0
2023-11-27,24.84000015258789,24.84000015258789,24.760000228881836,24.760000228881836,20.29199981689453,700
2023-11-28,24.825000762939453,24.84000015258789,24.760000228881836,24.84000015258789,20.357563018798828,1600
2023-11-29,24.790000915527344,24.790000915527344,24.700000762939453,24.700000762939453,20.242826461791992,3100
2023-11-30,24.75,24.750999450683594,24.75,24.75,20.283803939819336,1100
2023-12-01,24.799999237060547,24.81599998474121,24.774999618530273,24.81599998474121,20.337894439697266,7100
2023-12-04,24.81999969482422,24.899999618530273,24.81999969482422,24.899999618530273,20.406734466552734,2400
2023-12-05,25.0,25.0,24.948999404907227,24.985000610351562,20.476398468017578,3500
2023-12-06,24.899999618530273,24.905000686645508,24.860000610351562,24.899999618530273,20.406734466552734,2100
2023-12-07,24.8700008392334,24.8700008392334,24.809999465942383,24.86199951171875,20.375593185424805,2000
2023-12-08,24.860000610351562,24.8700008392334,24.860000610351562,24.860000610351562,20.37395668029785,3200
2023-12-11,24.850000381469727,25.0,24.850000381469727,24.899999618530273,20.406734466552734,2000
2023-12-12,25.049999237060547,25.049999237060547,25.049999237060547,25.049999237060547,20.529666900634766,400
2023-12-13,24.899999618530273,24.975000381469727,24.899999618530273,24.975000381469727,20.468202590942383,5800
2023-12-14,25.049999237060547,25.049999237060547,25.003999710083008,25.049999237060547,20.529666900634766,1700
2023-12-15,25.049999237060547,25.049999237060547,25.0,25.0,20.488691329956055,2600
2023-12-18,24.979999542236328,25.049999237060547,24.97100067138672,24.97100067138672,20.46492576599121,3900
2023-12-19,24.959999084472656,25.02400016784668,24.950000762939453,24.950000762939453,20.447715759277344,3600
2023-12-20,25.0,25.049999237060547,24.950000762939453,24.950000762939453,20.447715759277344,8100
2023-12-21,25.049999237060547,25.100000381469727,25.0049991607666,25.0049991607666,20.492786407470703,6300
2023-12-22,25.049999237060547,25.049999237060547,25.045000076293945,25.045000076293945,20.525569915771484,800
2023-12-26,25.030000686645508,25.100000381469727,25.030000686645508,25.093000411987305,20.564910888671875,14200
2023-12-27,25.100000381469727,25.350000381469727,25.06999969482422,25.34000015258789,20.767337799072266,1200
2023-12-28,25.299999237060547,25.299999237060547,25.100000381469727,25.100000381469727,20.57064437866211,9500
2023-12-29,25.25,25.25,25.040000915527344,25.04400062561035,20.524751663208008,7600
2024-01-02,25.18000030517578,25.239999771118164,25.143999099731445,25.149999618530273,20.611621856689453,3800
2024-01-03,25.174999237060547,25.200000762939453,25.149999618530273,25.149999618530273,20.611621856689453,4500
2024-01-04,25.117000579833984,25.274999618530273,25.030000686645508,25.070999145507812,20.546876907348633,9700
2024-01-05,25.299999237060547,25.309999465942383,25.299999237060547,25.309999465942383,20.742752075195312,800
2024-01-08,25.25,25.299999237060547,25.0,25.010000228881836,20.49688720703125,27500
2024-01-09,25.049999237060547,25.09000015258789,24.97599983215332,24.989999771118164,20.48049545288086,18400
2024-01-10,25.049999237060547,25.108999252319336,25.0,25.006000518798828,20.493608474731445,11000
2024-01-11,25.0,25.200000762939453,24.98699951171875,25.09000015258789,20.562450408935547,5600
2024-01-12,25.059999465942383,25.09000015258789,25.020000457763672,25.09000015258789,20.562450408935547,3000
2024-01-16,25.149999618530273,25.149999618530273,25.0049991607666,25.010000228881836,20.49688720703125,13600
2024-01-17,25.110000610351562,25.149999618530273,25.049999237060547,25.094999313354492,20.56654930114746,5300
2024-01-18,25.100000381469727,25.100000381469727,25.049999237060547,25.100000381469727,20.57064437866211,8800
2024-01-19,25.110000610351562,25.125,25.106000900268555,25.125,20.591135025024414,2100
2024-01-22,25.219999313354492,25.219999313354492,25.219999313354492,25.219999313354492,20.668991088867188,300
2024-01-23,25.179000854492188,25.18000030517578,25.06999969482422,25.06999969482422,20.546058654785156,4100
2024-01-24,25.010000228881836,25.200000762939453,25.010000228881836,25.100000381469727,20.57064437866211,6700
2024-01-25,25.010000228881836,25.149999618530273,25.010000228881836,25.149999618530273,20.611621856689453,4500
2024-01-26,25.010000228881836,25.149999618530273,25.010000228881836,25.125,20.591135025024414,1700
2024-01-29,25.100000381469727,25.149999618530273,25.05699920654297,25.149999618530273,20.611621856689453,6600
2024-01-30,25.1200008392334,25.190000534057617,25.08099937438965,25.084999084472656,20.558351516723633,12700
2024-01-31,25.145000457763672,25.145000457763672,25.100000381469727,25.100000381469727,20.57064437866211,1300
2024-02-01,25.100000381469727,25.18000030517578,25.100000381469727,25.165000915527344,20.623916625976562,4200
2024-02-02,25.18000030517578,25.25,25.18000030517578,25.201000213623047,20.653423309326172,800
2024-02-05,25.25,25.25,25.25,25.25,20.693580627441406,1700
2024-02-06,25.209999084472656,25.28499984741211,25.209999084472656,25.28499984741211,20.722265243530273,700
2024-02-07,25.25,25.329999923706055,25.25,25.31999969482422,20.750946044921875,1500
2024-02-08,25.25,25.25,25.209999084472656,25.209999084472656,20.66079330444336,6500
2024-02-09,25.18000030517578,25.222000122070312,25.110000610351562,25.1200008392334,20.587039947509766,9800
2024-02-12,25.299999237060547,25.299999237060547,25.139999389648438,25.288999557495117,20.725540161132812,4100
2024-02-13,25.200000762939453,25.239999771118164,25.100000381469727,25.239999771118164,20.68538475036621,4600
2024-02-14,24.790000915527344,24.940000534057617,24.731000900268555,24.75,20.693744659423828,15000
2024-02-15,24.719999313354492,24.93000030517578,24.719999313354492,24.825000762939453,20.756452560424805,3900
2024-02-16,24.854999542236328,24.90999984741211,24.799999237060547,24.881999969482422,20.804109573364258,2500
2024-02-20,24.90999984741211,24.90999984741211,24.90999984741211,24.90999984741211,20.8275203704834,300
2024-02-21,24.90999984741211,24.979999542236328,24.850000381469727,24.979999542236328,20.886049270629883,1400
2024-02-22,24.899999618530273,24.979999542236328,24.850000381469727,24.850000381469727,20.77735710144043,3700
2024-02-23,24.94499969482422,24.94499969482422,24.850000381469727,24.850000381469727,20.77735710144043,1600
2024-02-26,24.891000747680664,24.899999618530273,24.85700035095215,24.85700035095215,20.783206939697266,2200
2024-02-27,24.875,24.899999618530273,24.8700008392334,24.899999618530273,20.81915855407715,2900
2024-02-28,24.892000198364258,24.93899917602539,24.8700008392334,24.93899917602539,20.851768493652344,3100
2024-02-29,25.040000915527344,25.040000915527344,24.950000762939453,24.9950008392334,20.898590087890625,3500
2024-03-01,25.03499984741211,25.049999237060547,25.0,25.049999237060547,20.9445743560791,1000
2024-03-04,25.049999237060547,25.049999237060547,25.049999237060547,25.049999237060547,20.9445743560791,200
2024-03-05,25.0,25.034000396728516,25.0,25.01799964904785,20.91782569885254,2300
2024-03-06,25.0,25.049999237060547,24.954999923706055,25.003000259399414,20.90528106689453,6900
2024-03-07,25.049999237060547,25.049999237060547,24.924999237060547,24.969999313354492,20.877685546875,6300
2024-03-08,24.959999084472656,25.229999542236328,24.940000534057617,25.229999542236328,21.095075607299805,4300
2024-03-11,25.15999984741211,25.15999984741211,25.100000381469727,25.100000381469727,20.98638343811035,3900
2024-03-12,25.149999618530273,25.149999618530273,25.020000457763672,25.100000381469727,20.98638343811035,5000
2024-03-13,25.125,25.125,25.100000381469727,25.100000381469727,20.98638343811035,2000
2024-03-14,25.100000381469727,25.100000381469727,25.100000381469727,25.100000381469727,20.98638343811035,0
2024-03-15,25.075000762939453,25.075000762939453,25.075000762939453,25.075000762939453,20.96548080444336,500
2024-03-18,25.030000686645508,25.062999725341797,25.030000686645508,25.059999465942383,20.952938079833984,1800
2024-03-19,25.149999618530273,25.149999618530273,25.049999237060547,25.049999237060547,20.9445743560791,4500
2024-03-20,25.020000457763672,25.024999618530273,24.989999771118164,24.989999771118164,20.894411087036133,1900
2024-03-21,24.989999771118164,24.989999771118164,24.989999771118164,24.989999771118164,20.894411087036133,0
2024-03-22,25.075000762939453,25.075000762939453,25.0,25.0,20.90277099609375,1400
2024-03-25,25.100000381469727,25.117000579833984,25.010000228881836,25.010000228881836,20.911134719848633,1800
2024-03-26,25.118999481201172,25.118999481201172,25.018999099731445,25.030000686645508,20.927854537963867,3400
2024-03-27,25.030000686645508,25.030000686645508,25.030000686645508,25.030000686645508,20.927854537963867,1100
2024-03-28,25.030000686645508,25.14900016784668,25.030000686645508,25.14900016784668,21.027353286743164,800
2024-04-01,25.040000915527344,25.049999237060547,25.030000686645508,25.049999237060547,20.9445743560791,1700
2024-04-02,25.100000381469727,25.100000381469727,25.049999237060547,25.049999237060547,20.9445743560791,6100
2024-04-03,25.100000381469727,25.200000762939453,25.040000915527344,25.040000915527344,20.936216354370117,17900
2024-04-04,25.149999618530273,25.149999618530273,25.010000228881836,25.049999237060547,20.9445743560791,5700
2024-04-05,25.1200008392334,25.1200008392334,25.0,25.065000534057617,20.957117080688477,17100
2024-04-08,25.0939998626709,25.125,25.020000457763672,25.079999923706055,20.96965789794922,13400
2024-04-09,25.100000381469727,25.1299991607666,25.049999237060547,25.049999237060547,20.9445743560791,1100
2024-04-10,25.07900047302246,25.079999923706055,25.0,25.0,20.90277099609375,1200
2024-04-11,25.0,25.010000228881836,25.0,25.010000228881836,20.911134719848633,400
2024-04-12,25.010000228881836,25.010000228881836,25.010000228881836,25.010000228881836,20.911134719848633,0
2024-04-15,25.010000228881836,25.010000228881836,25.010000228881836,25.010000228881836,20.911134719848633,3200
2024-04-16,25.030000686645508,25.030000686645508,24.899999618530273,24.93000030517578,20.8442440032959,3800
2024-04-17,24.93000030517578,24.93000030517578,24.93000030517578,24.93000030517578,20.8442440032959,0
2024-04-18,25.020000457763672,25.020000457763672,25.010000228881836,25.010000228881836,20.911134719848633,300
2024-04-19,25.049999237060547,25.049999237060547,24.954999923706055,25.010000228881836,20.911134719848633,3900
2024-04-22,24.93000030517578,25.010000228881836,24.93000030517578,25.0,20.90277099609375,700
2024-04-23,25.079999923706055,25.079999923706055,25.079999923706055,25.079999923706055,20.96965789794922,600
2024-04-24,25.049999237060547,25.049999237060547,25.003999710083008,25.010000228881836,20.911134719848633,3500
2024-04-25,25.030000686645508,25.079999923706055,25.010000228881836,25.010000228881836,20.911134719848633,2600
2024-04-26,25.040000915527344,25.079999923706055,25.040000915527344,25.079999923706055,20.96965789794922,2600
2024-04-29,25.010000228881836,25.010000228881836,24.979999542236328,25.010000228881836,20.911134719848633,4900
2024-04-30,25.034000396728516,25.049999237060547,25.006000518798828,25.010000228881836,20.911134719848633,4200
2024-05-01,25.072999954223633,25.079999923706055,24.979999542236328,25.010000228881836,20.911134719848633,4000
2024-05-02,25.049999237060547,25.100000381469727,24.809999465942383,24.979999542236328,20.886049270629883,7800
2024-05-03,25.100000381469727,25.100000381469727,24.989999771118164,24.989999771118164,20.894411087036133,3100
2024-05-06,25.065000534057617,25.149999618530273,24.985000610351562,24.985000610351562,20.890230178833008,14400
2024-05-07,25.139999389648438,25.139999389648438,25.100000381469727,25.100000381469727,20.98638343811035,600
2024-05-08,25.125,25.25,25.040000915527344,25.049999237060547,20.9445743560791,19900
2024-05-09,25.139999389648438,25.139999389648438,25.0,25.049999237060547,20.9445743560791,14000
2024-05-10,25.100000381469727,25.200000762939453,25.010000228881836,25.150999069213867,21.029024124145508,5800
2024-05-13,25.149999618530273,25.25,25.059999465942383,25.149999618530273,21.028188705444336,8300
2024-05-14,24.709999084472656,24.93899917602539,24.709999084472656,24.93899917602539,21.27472496032715,12600
2024-05-15,24.93000030517578,24.950000762939453,24.8799991607666,24.950000762939453,21.284109115600586,6100
2024-05-16,24.950000762939453,24.972000122070312,24.850000381469727,24.959999084472656,21.292638778686523,2300
2024-05-17,24.959999084472656,25.030000686645508,24.899999618530273,24.94499969482422,21.27984619140625,3200
2024-05-20,24.950000762939453,25.020000457763672,24.950000762939453,25.0,21.32676124572754,3500
2024-05-21,25.0,25.049999237060547,24.959999084472656,25.040000915527344,21.360885620117188,4400
2024-05-22,24.950000762939453,24.950000762939453,24.87700080871582,24.940000534057617,21.27557945251465,14900
2024-05-23,24.940000534057617,25.799999237060547,24.850000381469727,24.961000442504883,21.293495178222656,57300
2024-05-24,25.0,25.49799919128418,24.920000076293945,24.969999313354492,21.30116844177246,8900
2024-05-28,25.0,25.0,24.899999618530273,24.899999618530273,21.241453170776367,9800
2024-05-29,24.899999618530273,24.899999618530273,24.799999237060547,24.899999618530273,21.241453170776367,39800
2024-05-30,24.899999618530273,24.989999771118164,24.850000381469727,24.899999618530273,21.241453170776367,2400
2024-05-31,24.850000381469727,24.898000717163086,24.73200035095215,24.75,21.113496780395508,9400
2024-06-03,24.75,24.979999542236328,24.75,24.969999313354492,21.30116844177246,7900
2024-06-04,24.93199920654297,24.968000411987305,24.860000610351562,24.934999465942383,21.271312713623047,4700
2024-06-05,24.969999313354492,24.969999313354492,24.899999618530273,24.926000595092773,21.26363754272461,12200
2024-06-06,24.972000122070312,24.979999542236328,24.836000442504883,24.850000381469727,21.19880485534668,5900
2024-06-07,24.860000610351562,24.93000030517578,24.75,24.850000381469727,21.19880485534668,7400
2024-06-10,24.889999389648438,24.895000457763672,24.850000381469727,24.889999389648438,21.232925415039062,4700
2024-06-11,24.850000381469727,24.920000076293945,24.850000381469727,24.895000457763672,21.237192153930664,2200
2024-06-12,24.899999618530273,24.899999618530273,24.799999237060547,24.8700008392334,21.215866088867188,3000
2024-06-13,24.8700008392334,24.8700008392334,24.8700008392334,24.8700008392334,21.215866088867188,300
2024-06-14,24.8700008392334,24.899999618530273,24.8700008392334,24.899999618530273,21.241453170776367,700
2024-06-17,24.899999618530273,24.940000534057617,24.8700008392334,24.8700008392334,21.215866088867188,1600
2024-06-18,24.850000381469727,24.899999618530273,24.825000762939453,24.899999618530273,21.241453170776367,3700
2024-06-20,24.90999984741211,24.90999984741211,24.8799991607666,24.899999618530273,21.241453170776367,2000
2024-06-21,24.940000534057617,24.950000762939453,24.8799991607666,24.93000030517578,21.267047882080078,6900
2024-06-24,24.89299964904785,24.89299964904785,24.854000091552734,24.854000091552734,21.20221519470215,1600
2024-06-25,24.940000534057617,24.979999542236328,24.905000686645508,24.905000686645508,21.2457218170166,4100
2024-06-26,24.920000076293945,24.920000076293945,24.8700008392334,24.8700008392334,21.215866088867188,600
2024-06-27,24.905000686645508,24.93199920654297,24.895000457763672,24.895000457763672,21.237192153930664,2500
2024-06-28,24.889999389648438,24.889999389648438,24.875,24.875,21.220129013061523,1200
2024-07-01,24.899999618530273,24.905000686645508,24.889999389648438,24.889999389648438,21.232925415039062,3100
2024-07-02,24.889999389648438,24.889999389648438,24.889999389648438,24.889999389648438,21.232925415039062,0
2024-07-03,24.891000747680664,24.920000076293945,24.8700008392334,24.8700008392334,21.215866088867188,900
2024-07-05,24.920000076293945,24.920000076293945,24.850000381469727,24.8700008392334,21.215866088867188,3600
2024-07-08,24.88800048828125,24.920000076293945,24.88800048828125,24.902999877929688,21.2440128326416,14800
2024-07-09,24.902999877929688,24.910999298095703,24.89699935913086,24.906999588012695,21.24742889404297,3300
2024-07-10,24.8799991607666,24.920000076293945,24.8799991607666,24.899999618530273,21.241453170776367,3100
2024-07-11,24.920000076293945,24.920000076293945,24.90999984741211,24.90999984741211,21.249984741210938,4200
2024-07-12,24.920000076293945,24.920000076293945,24.8799991607666,24.8799991607666,21.224395751953125,7500
2024-07-15,24.90999984741211,25.040000915527344,24.90999984741211,24.979999542236328,21.309701919555664,6000
2024-07-16,25.1200008392334,25.1200008392334,25.051000595092773,25.051000595092773,21.37027359008789,2900
2024-07-17,25.1200008392334,25.200000762939453,25.100000381469727,25.173999786376953,21.47519874572754,5400
2024-07-18,25.100000381469727,25.149999618530273,25.0,25.131999969482422,21.43936538696289,5600
2024-07-19,25.131999969482422,25.131999969482422,25.131999969482422,25.131999969482422,21.43936538696289,0
2024-07-22,25.049999237060547,25.149999618530273,25.00200080871582,25.149999618530273,21.454721450805664,3200
2024-07-23,24.989999771118164,25.24799919128418,24.989999771118164,25.152000427246094,21.456430435180664,2000
2024-07-24,25.0,25.25,25.0,25.200000762939453,21.497377395629883,3000
2024-07-25,25.200000762939453,25.200000762939453,25.200000762939453,25.200000762939453,21.497377395629883,0
2024-07-26,25.309999465942383,25.5,25.209999084472656,25.209999084472656,21.50590705871582,1000
2024-07-29,25.209999084472656,25.209999084472656,25.209999084472656,25.209999084472656,21.50590705871582,0
2024-07-30,25.200000762939453,25.200000762939453,25.200000762939453,25.200000762939453,21.497377395629883,100
2024-07-31,25.341999053955078,25.5,25.34000015258789,25.34000015258789,21.616809844970703,600
2024-08-01,25.309999465942383,25.309999465942383,25.19499969482422,25.290000915527344,21.574153900146484,600
2024-08-02,25.270000457763672,25.3700008392334,25.270000457763672,25.3700008392334,21.642396926879883,800
2024-08-05,25.59000015258789,25.59000015258789,24.979999542236328,25.0,21.32676124572754,10700
2024-08-06,25.0,25.235000610351562,25.0,25.059999465942383,21.377948760986328,3100
2024-08-07,25.079999923706055,25.44099998474121,25.06999969482422,25.06999969482422,21.3864803314209,3400
2024-08-08,25.250999450683594,25.3700008392334,25.200000762939453,25.3700008392334,21.642396926879883,1900
2024-08-09,25.3700008392334,25.3700008392334,25.3700008392334,25.3700008392334,21.642396926879883,0
2024-08-12,25.170000076293945,25.170000076293945,25.1200008392334,25.1200008392334,21.42913246154785,1600
2024-08-13,25.100000381469727,25.18000030517578,25.100000381469727,25.18000030517578,21.480316162109375,2200
2024-08-14,25.3700008392334,25.3700008392334,25.1200008392334,25.280000686645508,21.565622329711914,1100
2024-08-15,24.969999313354492,25.010000228881836,24.920000076293945,25.0,21.7570858001709,6400
2024-08-16,25.0,25.0,24.93000030517578,24.93000030517578,21.696165084838867,5200
2024-08-19,24.950000762939453,25.0,24.920000076293945,24.95800018310547,21.72053337097168,1400
2024-08-20,25.0,25.0,24.920000076293945,24.989999771118164,21.748382568359375,3400
2024-08-21,24.799999237060547,24.950000762939453,24.799999237060547,24.940000534057617,21.704866409301758,2000
2024-08-22,24.950000762939453,24.950000762939453,24.899999618530273,24.950000762939453,21.713571548461914,3900
2024-08-23,25.0,25.31800079345703,25.0,25.299999237060547,22.018171310424805,3700
2024-08-26,25.200000762939453,25.277000427246094,25.190000534057617,25.277000427246094,21.99815559387207,2000
2024-08-27,25.350000381469727,25.3700008392334,25.100000381469727,25.18000030517578,21.91373634338379,4500
2024-08-28,25.520000457763672,25.520000457763672,24.950000762939453,25.25,21.974653244018555,6900
2024-08-29,25.264999389648438,25.264999389648438,25.264999389648438,25.264999389648438,21.98771095275879,1000
2024-08-30,25.170000076293945,25.22800064086914,25.020000457763672,25.059999465942383,21.809303283691406,2800
2024-09-03,25.149999618530273,25.350000381469727,25.149999618530273,25.270000457763672,21.992061614990234,1600
2024-09-04,25.149999618530273,25.229999542236328,25.020000457763672,25.229999542236328,21.957250595092773,5000
2024-09-05,25.089000701904297,25.239999771118164,25.089000701904297,25.135000228881836,21.874574661254883,1800
2024-09-06,25.170000076293945,25.260000228881836,25.128999710083008,25.128999710083008,21.86935043334961,1600
2024-09-09,25.110000610351562,25.149999618530273,25.06999969482422,25.06999969482422,21.81800651550293,2100
2024-09-10,25.06999969482422,25.110000610351562,25.06999969482422,25.086999893188477,21.83279800415039,1800
2024-09-11,25.204999923706055,25.204999923706055,25.110000610351562,25.110000610351562,21.852819442749023,5400
2024-09-12,25.156999588012695,25.204999923706055,25.110000610351562,25.110000610351562,21.852819442749023,5500
2024-09-13,25.1200008392334,25.1299991607666,25.110000610351562,25.1299991607666,21.870223999023438,900
2024-09-16,25.1299991607666,25.260000228881836,25.110000610351562,25.204999923706055,21.93549156188965,1900
2024-09-17,25.1200008392334,25.226999282836914,25.1200008392334,25.190000534057617,21.92243766784668,1900
2024-09-18,25.1200008392334,25.417999267578125,25.110000610351562,25.25,21.974653244018555,7200
2024-09-19,25.260000228881836,25.36400032043457,25.1200008392334,25.30500030517578,22.02252197265625,9500
2024-09-20,25.18000030517578,25.347999572753906,25.15999984741211,25.347999572753906,22.05994415283203,7700
2024-09-23,25.28700065612793,25.461999893188477,25.219999313354492,25.229999542236328,21.957250595092773,3100
2024-09-24,25.209999084472656,25.40999984741211,25.209999084472656,25.378999710083008,22.086923599243164,3300
2024-09-25,25.479999542236328,25.479999542236328,25.229999542236328,25.229999542236328,21.957250595092773,2300
2024-09-26,25.219999313354492,25.39900016784668,25.21299934387207,25.219999313354492,21.94854736328125,4300
2024-09-27,25.270000457763672,25.280000686645508,25.209999084472656,25.22599983215332,21.95376968383789,6700
2024-09-30,25.420000076293945,25.445999145507812,25.27899932861328,25.34000015258789,22.052982330322266,1700
2024-10-01,25.253000259399414,25.34000015258789,25.190000534057617,25.209999084472656,21.939844131469727,4500
2024-10-02,25.18000030517578,25.18000030517578,25.1299991607666,25.1299991607666,21.870223999023438,1100
2024-10-03,25.1200008392334,25.121000289916992,25.1200008392334,25.1200008392334,21.861520767211914,1800
2024-10-04,25.110000610351562,25.155000686645508,25.110000610351562,25.139999389648438,21.878923416137695,3000
2024-10-07,25.225000381469727,25.34000015258789,25.110000610351562,25.34000015258789,22.052982330322266,1400
2024-10-08,25.100000381469727,25.219999313354492,25.09000015258789,25.219999313354492,21.94854736328125,3900
2024-10-09,25.179000854492188,25.179000854492188,25.165000915527344,25.165000915527344,21.90068244934082,600
2024-10-10,25.149999618530273,25.149999618530273,25.149999618530273,25.149999618530273,21.88762855529785,500
2024-10-11,25.145000457763672,25.145000457763672,25.049999237060547,25.100000381469727,21.844112396240234,2200
2024-10-14,25.100000381469727,25.100000381469727,25.100000381469727,25.100000381469727,21.844112396240234,0
2024-10-15,25.125,25.200000762939453,25.125,25.200000762939453,21.931140899658203,2500
2024-10-16,25.270000457763672,25.270000457763672,25.100000381469727,25.200000762939453,21.931140899658203,6700
2024-10-17,25.200000762939453,25.290000915527344,25.200000762939453,25.290000915527344,22.00946807861328,1600
2024-10-18,25.290000915527344,25.33799934387207,25.15999984741211,25.243999481201172,21.96943473815918,3100
2024-10-21,25.239999771118164,25.31999969482422,25.239999771118164,25.31999969482422,22.03557586669922,2100
2024-10-22,25.295000076293945,25.49799919128418,25.295000076293945,25.489999771118164,22.183521270751953,1300
2024-10-23,25.222000122070312,25.334999084472656,25.222000122070312,25.334999084472656,22.048629760742188,200
2024-10-24,25.334999084472656,25.334999084472656,25.334999084472656,25.334999084472656,22.048629760742188,0
2024-10-25,25.402999877929688,25.469999313354492,25.402999877929688,25.469999313354492,22.166120529174805,700
2024-10-28,25.351999282836914,25.351999282836914,25.351999282836914,25.351999282836914,22.063426971435547,200
2024-10-29,25.351999282836914,25.351999282836914,25.351999282836914,25.351999282836914,22.063426971435547,0
2024-10-30,25.351999282836914,25.351999282836914,25.351999282836914,25.351999282836914,22.063426971435547,0
2024-10-31,25.35700035095215,25.35700035095215,25.350000381469727,25.350000381469727,22.061683654785156,1900
2024-11-01,25.350000381469727,25.350000381469727,25.350000381469727,25.350000381469727,22.061683654785156,0
2024-11-04,25.360000610351562,25.670000076293945,25.360000610351562,25.670000076293945,22.34017562866211,500
2024-11-05,25.670000076293945,25.670000076293945,25.670000076293945,25.670000076293945,22.34017562866211,0
2024-11-06,25.670000076293945,25.670000076293945,25.670000076293945,25.670000076293945,22.34017562866211,0
2024-11-07,25.582000732421875,25.610000610351562,25.459999084472656,25.610000610351562,22.2879581451416,800
2024-11-08,25.549999237060547,25.549999237060547,25.350000381469727,25.464000701904297,22.160898208618164,3600
2024-11-11,25.52199935913086,25.52199935913086,25.441999435424805,25.441999435424805,22.141748428344727,900
2024-11-12,25.441999435424805,25.441999435424805,25.441999435424805,25.441999435424805,22.141748428344727,0
2024-11-13,25.441999435424805,25.441999435424805,25.441999435424805,25.441999435424805,22.141748428344727,0
2024-11-14,25.441999435424805,25.441999435424805,25.441999435424805,25.441999435424805,22.141748428344727,0
2024-11-15,25.0,26.56599998474121,25.0,26.16200065612793,23.224781036376953,11700
2024-11-18,25.899999618530273,26.34000015258789,25.059999465942383,25.34000015258789,22.495067596435547,11100
2024-11-19,25.96500015258789,25.96500015258789,25.06999969482422,25.479999542236328,22.61935043334961,1900
2024-11-20,25.15999984741211,25.350000381469727,25.06999969482422,25.350000381469727,22.503942489624023,2600
2024-11-21,25.34000015258789,25.450000762939453,25.079999923706055,25.270000457763672,22.432924270629883,5000
2024-11-22,25.315000534057617,25.325000762939453,25.315000534057617,25.325000762939453,22.48175048828125,700
2024-11-25,25.139999389648438,25.139999389648438,25.139999389648438,25.139999389648438,22.317520141601562,300
2024-11-26,25.56999969482422,25.56999969482422,25.329999923706055,25.329999923706055,22.486188888549805,1200
2024-11-27,25.329999923706055,25.329999923706055,25.329999923706055,25.329999923706055,22.486188888549805,0
2024-11-29,25.209999084472656,25.219999313354492,25.200000762939453,25.200000762939453,22.370784759521484,700
2024-12-02,25.200000762939453,25.200000762939453,25.200000762939453,25.200000762939453,22.370784759521484,0
2024-12-03,25.260000228881836,25.59600067138672,25.260000228881836,25.295000076293945,22.455120086669922,1000
2024-12-04,25.200000762939453,25.219999313354492,25.200000762939453,25.219999313354492,22.388538360595703,300
2024-12-05,25.40999984741211,25.5,25.389999389648438,25.399999618530273,22.548330307006836,900
2024-12-06,25.399999618530273,25.399999618530273,25.399999618530273,25.399999618530273,22.548330307006836,0
2024-12-09,25.219999313354492,25.299999237060547,25.200000762939453,25.299999237060547,22.459556579589844,1200
2024-12-10,25.290000915527344,25.290000915527344,25.290000915527344,25.290000915527344,22.450681686401367,700
2024-12-11,25.239999771118164,25.270000457763672,25.239999771118164,25.270000457763672,22.432924270629883,300
2024-12-12,25.200000762939453,25.200000762939453,25.1299991607666,25.1299991607666,22.308645248413086,600
2024-12-13,25.040000915527344,25.042999267578125,25.040000915527344,25.040000915527344,22.228748321533203,1600
2024-12-16,25.0,25.1299991607666,25.0,25.1299991607666,22.308645248413086,3700
2024-12-17,25.149999618530273,25.149999618530273,25.100000381469727,25.100000381469727,22.28200912475586,500
2024-12-18,25.1200008392334,25.200000762939453,25.0,25.040000915527344,22.228748321533203,8900
2024-12-19,25.0,25.139999389648438,25.0,25.139999389648438,22.317520141601562,900
2024-12-20,25.0,25.059999465942383,24.799999237060547,25.059999465942383,22.246503829956055,2000
2024-12-23,25.024999618530273,25.049999237060547,25.024999618530273,25.049999237060547,22.237625122070312,900
2024-12-24,25.09000015258789,25.299999237060547,25.045000076293945,25.290000915527344,22.450681686401367,3500
2024-12-26,25.059999465942383,25.149999618530273,25.049999237060547,25.149999618530273,22.326398849487305,400
2024-12-27,25.280000686645508,25.299999237060547,25.280000686645508,25.290000915527344,22.450681686401367,1000
2024-12-30,25.290000915527344,25.290000915527344,25.290000915527344,25.290000915527344,22.450681686401367,0
2024-12-31,25.1299991607666,25.363000869750977,25.100000381469727,25.280000686645508,22.441802978515625,1200
2025-01-02,25.2189998626709,25.299999237060547,25.2189998626709,25.299999237060547,22.459556579589844,900
2025-01-03,25.225000381469727,25.299999237060547,25.149999618530273,25.149999618530273,22.326398849487305,2200
2025-01-06,25.280000686645508,25.280000686645508,25.280000686645508,25.280000686645508,22.441802978515625,200
2025-01-07,25.280000686645508,25.280000686645508,25.280000686645508,25.280000686645508,22.441802978515625,0
2025-01-08,25.200000762939453,25.34000015258789,25.200000762939453,25.34000015258789,22.495067596435547,400
2025-01-10,25.225000381469727,25.290000915527344,25.1299991607666,25.1299991607666,22.308645248413086,3000
2025-01-13,25.1200008392334,25.139999389648438,25.0,25.0,22.193239212036133,3800
2025-01-14,25.049999237060547,25.049999237060547,24.940000534057617,25.0,22.193239212036133,8700
2025-01-15,25.0,25.020000457763672,25.0,25.0,22.193239212036133,6600
2025-01-16,25.049999237060547,25.049999237060547,25.020000457763672,25.020000457763672,22.21099281311035,900
2025-01-17,25.010000228881836,25.222999572753906,25.010000228881836,25.1200008392334,22.299766540527344,2200
2025-01-21,25.1299991607666,25.1299991607666,25.1299991607666,25.1299991607666,22.308645248413086,900
2025-01-22,25.190000534057617,25.190000534057617,25.190000534057617,25.190000534057617,22.361907958984375,1000
2025-01-23,25.190000534057617,25.190000534057617,25.190000534057617,25.190000534057617,22.361907958984375,0
2025-01-24,25.229999542236328,25.260000228881836,25.229999542236328,25.260000228881836,22.424049377441406,1900
2025-01-27,25.25,25.25,25.100000381469727,25.174999237060547,22.348590850830078,600
2025-01-28,25.09000015258789,25.219999313354492,24.989999771118164,25.219999313354492,22.388538360595703,3100
2025-01-29,25.25,25.399999618530273,25.25,25.399999618530273,22.548330307006836,1400
2025-01-30,25.309999465942383,25.34000015258789,25.059999465942383,25.079999923706055,22.264257431030273,8800
2025-01-31,25.100000381469727,25.25,25.100000381469727,25.15999984741211,22.335277557373047,1100
2025-02-03,25.049999237060547,25.25,25.049999237060547,25.200000762939453,22.370784759521484,2100
2025-02-04,25.149999618530273,25.209999084472656,25.149999618530273,25.170000076293945,22.344152450561523,1600
2025-02-05,25.149999618530273,25.239999771118164,25.149999618530273,25.239999771118164,22.406295776367188,2200
2025-02-06,25.257999420166016,25.260000228881836,25.211000442504883,25.260000228881836,22.424049377441406,1100
2025-02-07,25.25,25.25,25.049999237060547,25.229999542236328,22.397417068481445,4500
2025-02-10,25.239999771118164,25.40999984741211,25.239999771118164,25.40999984741211,22.557207107543945,2500
2025-02-11,25.31999969482422,25.469999313354492,25.31999969482422,25.399999618530273,22.548330307006836,1600
2025-02-12,25.28499984741211,25.28499984741211,25.28499984741211,25.28499984741211,22.44624137878418,1300
2025-02-13,25.299999237060547,25.44499969482422,25.299999237060547,25.420000076293945,22.56608772277832,900
2025-02-14,25.100000381469727,25.135000228881836,25.100000381469727,25.100000381469727,22.729082107543945,11200
2025-02-18,25.149999618530273,25.165000915527344,25.149999618530273,25.149999618530273,22.77436065673828,11100
2025-02-19,25.149999618530273,25.200000762939453,25.149999618530273,25.149999618530273,22.77436065673828,7200
2025-02-20,25.174999237060547,25.174999237060547,25.149999618530273,25.170000076293945,22.792469024658203,2200
2025-02-21,25.170000076293945,25.170000076293945,25.170000076293945,25.170000076293945,22.792469024658203,100
2025-02-24,25.190000534057617,25.190000534057617,25.149999618530273,25.149999618530273,22.77436065673828,2000
2025-02-25,25.15999984741211,25.170000076293945,25.15999984741211,25.170000076293945,22.792469024658203,600
2025-02-26,25.200000762939453,25.200000762939453,25.200000762939453,25.200000762939453,22.81963539123535,300
2025-02-27,25.229999542236328,25.229999542236328,25.149999618530273,25.149999618530273,22.77436065673828,2000
2025-02-28,25.15999984741211,25.229999542236328,25.149999618530273,25.149999618530273,22.77436065673828,1600
2025-03-03,25.229999542236328,25.229999542236328,25.229999542236328,25.229999542236328,22.8468017578125,100
2025-03-04,25.229999542236328,25.260000228881836,25.149999618530273,25.149999618530273,22.77436065673828,4200
2025-03-05,25.149999618530273,25.219999313354492,25.149999618530273,25.209999084472656,22.828691482543945,1500
2025-03-06,25.150999069213867,25.176000595092773,25.040000915527344,25.06100082397461,22.693767547607422,11500
2025-03-07,25.100000381469727,25.149999618530273,25.100000381469727,25.149999618530273,22.77436065673828,700
2025-03-10,25.149999618530273,25.149999618530273,24.979999542236328,24.979999542236328,22.620418548583984,6500
2025-03-11,25.010000228881836,25.010000228881836,24.95199966430664,24.95199966430664,22.595060348510742,4800
2025-03-12,25.066999435424805,25.066999435424805,24.780000686645508,24.790000915527344,22.448366165161133,2800
2025-03-13,24.790000915527344,24.790000915527344,24.790000915527344,24.790000915527344,22.448366165161133,0
2025-03-14,24.790000915527344,24.790000915527344,24.790000915527344,24.790000915527344,22.448366165161133,0
2025-03-17,25.040000915527344,25.040000915527344,24.899999618530273,25.0,22.638526916503906,3100
2025-03-18,24.989999771118164,24.989999771118164,24.924999237060547,24.924999237060547,22.57061004638672,1000
2025-03-19,24.969999313354492,25.030000686645508,24.850000381469727,24.915000915527344,22.56155776977539,1900
2025-03-20,25.030000686645508,25.309999465942383,25.0,25.309999465942383,22.91924476623535,1100
2025-03-21,25.100000381469727,25.299999237060547,25.100000381469727,25.100000381469727,22.729082107543945,1200
2025-03-24,25.125,25.1299991607666,25.125,25.1299991607666,22.756248474121094,800
2025-03-25,25.15999984741211,25.15999984741211,25.0,25.121000289916992,22.748098373413086,1900
2025-03-26,25.02899932861328,25.040000915527344,25.0,25.0,22.638526916503906,700
2025-03-27,25.010000228881836,25.086999893188477,25.010000228881836,25.040000915527344,22.67474937438965,1300
2025-03-28,25.075000762939453,25.075000762939453,25.075000762939453,25.075000762939453,22.706443786621094,900
2025-03-31,25.023000717163086,25.023000717163086,25.023000717163086,25.023000717163086,22.65935707092285,800
2025-04-01,25.020000457763672,25.09000015258789,25.0,25.09000015258789,22.720027923583984,700
2025-04-02,25.020000457763672,25.09000015258789,25.020000457763672,25.020000457763672,22.656639099121094,1200
2025-04-03,24.899999618530273,24.899999618530273,24.56999969482422,24.84000015258789,22.493640899658203,2000
2025-04-04,24.850000381469727,24.850000381469727,24.700000762939453,24.700000762939453,22.366867065429688,3000
2025-04-07,24.700000762939453,24.700000762939453,24.200000762939453,24.219999313354492,21.932207107543945,3900
2025-04-08,24.219999313354492,24.239999771118164,24.0,24.0,21.732986450195312,1100
2025-04-09,23.899999618530273,24.799999237060547,23.899999618530273,24.799999237060547,22.45741844177246,1300
2025-04-10,24.0,24.200000762939453,24.0,24.06999969482422,21.79637336730957,2000
2025-04-11,24.434999465942383,24.434999465942383,24.434999465942383,24.434999465942383,22.126895904541016,600
2025-04-14,24.5,24.920000076293945,24.5,24.5,22.18575668334961,1400
2025-04-15,24.860000610351562,24.899999618530273,24.829999923706055,24.8700008392334,22.520809173583984,3300
2025-04-16,24.8700008392334,24.8700008392334,24.8700008392334,24.8700008392334,22.520809173583984,0
2025-04-17,24.75,24.75,24.649999618530273,24.649999618530273,22.32158660888672,500
2025-04-21,24.73900032043457,24.8799991607666,24.73900032043457,24.8799991607666,22.529863357543945,1500
2025-04-22,24.899999618530273,24.90999984741211,24.510000228881836,24.75,22.412141799926758,2400
2025-04-23,24.850000381469727,24.90999984741211,24.510000228881836,24.770999908447266,22.4311580657959,4200
2025-04-24,24.75,24.75,24.667999267578125,24.667999267578125,22.3378849029541,500
2025-04-25,24.610000610351562,24.788999557495117,24.610000610351562,24.788999557495117,22.447458267211914,1600
2025-04-28,24.90999984741211,24.90999984741211,24.90999984741211,24.90999984741211,22.557025909423828,500
2025-04-29,24.850000381469727,24.902999877929688,24.510000228881836,24.510000228881836,22.194812774658203,1800
2025-04-30,24.850000381469727,24.90999984741211,24.84000015258789,24.84000015258789,22.493640899658203,1600
2025-05-01,24.542999267578125,24.90999984741211,24.542999267578125,24.90999984741211,22.557025909423828,800
2025-05-02,24.75,24.90999984741211,24.75,24.90999984741211,22.557025909423828,3500
2025-05-05,24.90999984741211,24.90999984741211,24.88599967956543,24.899999618530273,22.5479736328125,1700
2025-05-06,24.760000228881836,24.90999984741211,24.760000228881836,24.90999984741211,22.557025909423828,6600
2025-05-07,25.149999618530273,25.81999969482422,24.834999084472656,24.834999084472656,22.489112854003906,2000
2025-05-08,25.260000228881836,25.260000228881836,25.25,25.25,22.864913940429688,700
2025-05-09,25.110000610351562,25.600000381469727,24.996999740600586,25.600000381469727,23.181852340698242,4100
2025-05-12,25.399999618530273,25.399999618530273,24.990999221801758,25.288000106811523,22.899324417114258,2500
2025-05-13,25.399999618530273,25.399999618530273,25.399999618530273,25.399999618530273,23.00074577331543,200
2025-05-14,25.389999389648438,25.5,25.389999389648438,25.5,23.091299057006836,1400
2025-05-15,24.90999984741211,25.2549991607666,24.90999984741211,25.07200050354004,23.15780258178711,1300
2025-05-16,25.049999237060547,25.049999237060547,25.049999237060547,25.049999237060547,23.137481689453125,400
2025-05-19,24.829999923706055,25.5,24.829999923706055,25.5,23.553125381469727,1400
2025-05-20,25.239999771118164,25.239999771118164,25.23200035095215,25.23200035095215,23.305585861206055,2400
2025-05-21,25.0,25.0,24.799999237060547,24.799999237060547,22.906566619873047,1100
2025-05-22,24.850000381469727,24.920000076293945,24.799999237060547,24.8799991607666,22.980459213256836,1100
2025-05-23,24.8799991607666,24.8799991607666,24.8799991607666,24.8799991607666,22.980459213256836,0
2025-05-27,25.174999237060547,25.174999237060547,24.959999084472656,24.959999084472656,23.054349899291992,900
2025-05-28,25.174999237060547,25.174999237060547,25.174999237060547,25.174999237060547,23.25293731689453,500
2025-05-29,25.174999237060547,25.174999237060547,25.174999237060547,25.174999237060547,23.25293731689453,0
2025-05-30,25.214000701904297,25.214000701904297,25.214000701904297,25.214000701904297,23.288959503173828,1100
2025-06-02,25.214000701904297,25.214000701904297,25.214000701904297,25.214000701904297,23.288959503173828,0
2025-06-03,25.079999923706055,25.079999923706055,25.079999923706055,25.079999923706055,23.165191650390625,100
2025-06-04,25.079999923706055,25.079999923706055,25.079999923706055,25.079999923706055,23.165191650390625,0
2025-06-05,25.149999618530273,25.299999237060547,24.89299964904785,24.90999984741211,23.008167266845703,2800
2025-06-06,25.0,25.0,24.950000762939453,24.950000762939453,23.04511833190918,2600
2025-06-09,24.975000381469727,25.0,24.975000381469727,25.0,23.091299057006836,900
2025-06-10,24.990999221801758,25.0,24.989999771118164,25.0,23.091299057006836,5300
2025-06-11,25.0,25.0,24.950000762939453,24.950000762939453,23.04511833190918,1200
2025-06-12,24.950000762939453,24.989999771118164,24.920000076293945,24.920000076293945,23.01740837097168,1300
2025-06-13,24.989999771118164,24.989999771118164,24.948999404907227,24.948999404907227,23.044191360473633,2900
2025-06-16,24.989999771118164,24.989999771118164,24.954999923706055,24.954999923706055,23.04973602294922,800
2025-06-17,24.989999771118164,24.989999771118164,24.972000122070312,24.972000122070312,23.0654354095459,1800
2025-06-18,24.954999923706055,24.954999923706055,24.92099952697754,24.924999237060547,23.022022247314453,2900
2025-06-20,24.920000076293945,24.954999923706055,24.920000076293945,24.954999923706055,23.04973602294922,900
2025-06-23,24.927000045776367,24.989999771118164,24.920000076293945,24.989999771118164,23.082061767578125,1500
2025-06-24,24.959999084472656,24.989999771118164,24.959999084472656,24.989999771118164,23.082061767578125,600
2025-06-25,24.989999771118164,25.0,24.93000030517578,25.0,23.091299057006836,1800
2025-06-26,24.96500015258789,25.0,24.96500015258789,25.0,23.091299057006836,2300
2025-06-27,24.93000030517578,25.0,24.93000030517578,25.0,23.091299057006836,1300
2025-06-30,25.0,25.0,24.93199920654297,24.969999313354492,23.06359100341797,1400
2025-07-01,25.0,25.0,25.0,25.0,23.091299057006836,900
2025-07-02,24.96299934387207,25.0,24.96299934387207,24.9950008392334,23.086679458618164,1000
2025-07-03,25.0,25.0,25.0,25.0,23.091299057006836,800
2025-07-07,25.0,25.0,24.93000030517578,24.93000030517578,23.026641845703125,2400
2025-07-08,24.989999771118164,25.0,24.964000701904297,24.964000701904297,23.058046340942383,1300
2025-07-09,25.0,25.0,24.96500015258789,25.0,23.091299057006836,3600
2025-07-10,25.0,25.100000381469727,24.975000381469727,25.100000381469727,23.183666229248047,16300
2025-07-11,25.0,25.0,25.0,25.0,23.091299057006836,1100
2025-07-14,25.25,25.25,25.25,25.25,23.32221221923828,1100
2025-07-15,25.1200008392334,25.1200008392334,25.1200008392334,25.1200008392334,23.202136993408203,1300
2025-07-16,25.079999923706055,25.079999923706055,25.079999923706055,25.079999923706055,23.165191650390625,3200
2025-07-17,25.280000686645508,25.290000915527344,25.136999130249023,25.136999130249023,23.217838287353516,600
2025-07-18,25.135000228881836,25.135000228881836,25.135000228881836,25.135000228881836,23.21599006652832,400
2025-07-21,25.135000228881836,25.135000228881836,25.135000228881836,25.135000228881836,23.21599006652832,0
2025-07-22,25.135000228881836,25.135000228881836,25.135000228881836,25.135000228881836,23.21599006652832,0
2025-07-23,25.100000381469727,25.100000381469727,25.100000381469727,25.100000381469727,23.183666229248047,200
2025-07-24,25.059999465942383,25.100000381469727,25.0,25.079999923706055,23.165191650390625,5200
2025-07-25,25.020000457763672,25.020000457763672,25.020000457763672,25.020000457763672,23.109771728515625,100
2025-07-28,25.049999237060547,25.079999923706055,25.049999237060547,25.049999237060547,23.137481689453125,700
2025-07-29,25.05299949645996,25.280000686645508,25.049999237060547,25.191999435424805,23.268638610839844,1200
2025-07-30,25.174999237060547,25.270000457763672,25.174999237060547,25.270000457763672,23.34068489074707,1100
2025-07-31,25.270000457763672,25.270000457763672,25.270000457763672,25.270000457763672,23.34068489074707,0
2025-08-01,25.270000457763672,25.270000457763672,25.270000457763672,25.270000457763672,23.34068489074707,0
2025-08-04,25.270000457763672,25.270000457763672,25.270000457763672,25.270000457763672,23.34068489074707,0
2025-08-05,25.100000381469727,25.100000381469727,25.100000381469727,25.100000381469727,23.183666229248047,600
2025-08-06,25.100000381469727,25.100000381469727,25.100000381469727,25.100000381469727,23.183666229248047,0
2025-08-07,25.350000381469727,25.350000381469727,25.100000381469727,25.100000381469727,23.183666229248047,2200
2025-08-08,25.1200008392334,25.5,25.049999237060547,25.200000762939453,23.276029586791992,6200
2025-08-11,25.219999313354492,25.219999313354492,25.219999313354492,25.219999313354492,23.29450035095215,200
2025-08-12,25.219999313354492,25.219999313354492,25.219999313354492,25.219999313354492,23.29450035095215,0
2025-08-13,25.375,25.395000457763672,25.049999237060547,25.200000762939453,23.276029586791992,18100
2025-08-14,25.224000930786133,25.350000381469727,25.149999618530273,25.329999923706055,23.39610481262207,14200
2025-08-15,24.90999984741211,25.0,24.899999618530273,24.940000534057617,23.499753952026367,10800
2025-08-18,24.940000534057617,25.0,24.889999389648438,24.92300033569336,23.483736038208008,4600
2025-08-19,24.940000534057617,25.0,24.924999237060547,24.93000030517578,23.49032974243164,14300
2025-08-20,24.950000762939453,24.950000762939453,24.90999984741211,24.90999984741211,23.47148323059082,2400
2025-08-21,24.950000762939453,24.950000762939453,24.940000534057617,24.950000762939453,23.509174346923828,1600
2025-08-22,24.950000762939453,24.950000762939453,24.920000076293945,24.920000076293945,23.480907440185547,1600
2025-08-25,24.93400001525879,25.0,24.8799991607666,24.941999435424805,23.50163459777832,5900
2025-08-26,24.920000076293945,24.989999771118164,24.8799991607666,24.950000762939453,23.509174346923828,2800
2025-08-27,24.950000762939453,24.950000762939453,24.899999618530273,24.920000076293945,23.480907440185547,2400
2025-08-28,24.959999084472656,24.959999084472656,24.90999984741211,24.920000076293945,23.480907440185547,6000
2025-08-29,24.969999313354492,25.0,24.940000534057617,25.0,23.556285858154297,4200
2025-09-02,24.969999313354492,25.0,24.940000534057617,24.986000061035156,23.5430965423584,3500
2025-09-03,24.989999771118164,24.989999771118164,24.81999969482422,24.889999389648438,23.452638626098633,9100
2025-09-04,24.920000076293945,24.96299934387207,24.8799991607666,24.920000076293945,23.480907440185547,3600
2025-09-05,24.979999542236328,24.979999542236328,24.899999618530273,24.899999618530273,23.462060928344727,800
2025-09-08,24.989999771118164,25.0,24.940000534057617,24.969999313354492,23.52802085876465,5400
2025-09-09,25.0,25.0,24.940000534057617,24.950000762939453,23.509174346923828,1800
2025-09-10,24.920000076293945,24.969999313354492,24.860000610351562,24.969999313354492,23.52802085876465,2600
2025-09-11,25.0,25.0,24.940000534057617,25.0,23.556285858154297,3300
2025-09-12,24.899999618530273,24.93000030517578,24.8799991607666,24.910999298095703,23.47242546081543,3800
2025-09-15,24.979999542236328,25.0,24.84000015258789,24.8799991607666,23.44321632385254,13100
2025-09-16,24.93000030517578,24.999000549316406,24.860000610351562,24.940000534057617,23.499753952026367,6400
2025-09-17,24.950000762939453,24.954999923706055,24.940000534057617,24.940000534057617,23.499753952026367,2000
2025-09-18,24.950000762939453,24.969999313354492,24.899999618530273,24.899999618530273,23.462060928344727,2100
2025-09-19,24.959999084472656,25.0,24.950000762939453,25.0,23.556285858154297,700
2025-09-22,24.969999313354492,24.979999542236328,24.927000045776367,24.927000045776367,23.487503051757812,1200
2025-09-23,24.950000762939453,24.950000762939453,24.950000762939453,24.950000762939453,23.509174346923828,1000
2025-09-24,24.950000762939453,25.0,24.950000762939453,25.0,23.556285858154297,1800
2025-09-25,25.0,25.0,24.969999313354492,24.975000381469727,23.532730102539062,1600
2025-09-26,25.0,25.0,24.974000930786133,24.979999542236328,23.53744125366211,1400
2025-09-29,24.959999084472656,25.190000534057617,24.959999084472656,25.049999237060547,23.6033992767334,5200
2025-09-30,24.993000030517578,25.1200008392334,24.993000030517578,25.100000381469727,23.6505126953125,2800
2025-10-01,25.030000686645508,25.049999237060547,25.030000686645508,25.049999237060547,23.6033992767334,500
2025-10-02,25.0,25.040000915527344,25.0,25.040000915527344,23.593976974487305,2600
2025-10-03,24.90999984741211,25.100000381469727,24.90999984741211,25.100000381469727,23.6505126953125,2100
2025-10-06,24.950000762939453,25.040000915527344,24.950000762939453,25.040000915527344,23.593976974487305,700
2025-10-07,25.049999237060547,25.049999237060547,24.979999542236328,24.979999542236328,23.53744125366211,900
2025-10-08,24.950000762939453,25.040000915527344,24.950000762939453,25.040000915527344,23.593976974487305,1300
2025-10-09,25.030000686645508,25.100000381469727,24.979999542236328,24.979999542236328,23.53744125366211,2100
2025-10-10,25.027000427246094,25.027000427246094,25.027000427246094,25.027000427246094,23.581727981567383,900
2025-10-13,25.1200008392334,25.200000762939453,25.1200008392334,25.200000762939453,23.74473762512207,400
2025-10-14,25.239999771118164,25.239999771118164,25.030000686645508,25.030000686645508,23.58455467224121,1000
2025-10-15,25.18000030517578,25.18000030517578,25.18000030517578,25.18000030517578,23.725893020629883,200
2025-10-16,25.280000686645508,25.280000686645508,25.280000686645508,25.280000686645508,23.820117950439453,400
2025-10-17,25.280000686645508,25.280000686645508,25.280000686645508,25.280000686645508,23.820117950439453,700
2025-10-20,25.18000030517578,25.18000030517578,25.18000030517578,25.18000030517578,23.725893020629883,300
2025-10-21,25.18000030517578,25.18000030517578,25.18000030517578,25.18000030517578,23.725893020629883,0
2025-10-22,25.18000030517578,25.18000030517578,25.18000030517578,25.18000030517578,23.725893020629883,0
2025-10-23,25.110000610351562,25.1299991607666,25.110000610351562,25.1200008392334,23.669357299804688,1300
2025-10-24,25.1200008392334,25.1200008392334,25.1200008392334,25.1200008392334,23.669357299804688,0
2025-10-27,25.110000610351562,25.334999084472656,25.110000610351562,25.334999084472656,23.871938705444336,1500
2025-10-28,25.459999084472656,25.489999771118164,25.459999084472656,25.459999084472656,23.989721298217773,400
2025-10-29,25.459999084472656,25.459999084472656,25.459999084472656,25.459999084472656,23.989721298217773,0
2025-10-30,25.25,25.25,25.239999771118164,25.239999771118164,23.782426834106445,900
2025-10-31,25.239999771118164,25.437999725341797,25.239999771118164,25.437999725341797,23.968992233276367,400
2025-11-03,25.437999725341797,25.437999725341797,25.437999725341797,25.437999725341797,23.968992233276367,0
2025-11-04,25.200000762939453,25.32900047302246,25.15999984741211,25.18000030517578,23.725893020629883,1300
2025-11-05,25.326000213623047,25.326000213623047,25.326000213623047,25.326000213623047,23.863460540771484,300
2025-11-06,25.326000213623047,25.326000213623047,25.326000213623047,25.326000213623047,23.863460540771484,0
2025-11-07,25.326000213623047,25.326000213623047,25.326000213623047,25.326000213623047,23.863460540771484,0
2025-11-10,25.43000030517578,25.43000030517578,25.21500015258789,25.260000228881836,23.801271438598633,300
2025-11-11,25.260000228881836,25.260000228881836,25.260000228881836,25.260000228881836,23.801271438598633,0
2025-11-12,25.299999237060547,25.700000762939453,25.260000228881836,25.5,24.02741241455078,3000
2025-11-13,25.5,25.5,25.5,25.5,24.02741241455078,0
2025-11-14,25.0,25.3700008392334,24.952999114990234,25.3700008392334,24.383018493652344,3300
2025-11-17,25.100000381469727,25.100000381469727,25.02899932861328,25.100000381469727,24.12352180480957,5800
2025-11-18,25.100000381469727,25.100000381469727,25.05500030517578,25.05500030517578,24.080272674560547,900
2025-11-19,25.049999237060547,25.100000381469727,25.049999237060547,25.100000381469727,24.12352180480957,800
2025-11-20,25.149999618530273,25.600000381469727,25.149999618530273,25.440000534057617,24.450294494628906,1000
2025-11-21,25.200000762939453,25.200000762939453,25.200000762939453,25.200000762939453,24.219633102416992,300
2025-11-24,25.200000762939453,25.200000762939453,25.200000762939453,25.200000762939453,24.219633102416992,0
2025-11-25,25.200000762939453,25.200000762939453,25.200000762939453,25.200000762939453,24.219633102416992,0
2025-11-26,25.3700008392334,25.3700008392334,25.3700008392334,25.3700008392334,24.383018493652344,200
2025-11-28,25.3700008392334,25.3700008392334,25.3700008392334,25.3700008392334,24.383018493652344,0
2025-12-01,25.17099952697754,25.209999084472656,25.17099952697754,25.209999084472656,24.22924041748047,600
2025-12-02,25.350000381469727,25.350000381469727,24.899999618530273,24.93000030517578,23.96013641357422,8700
2025-12-03,25.030000686645508,25.174999237060547,25.0,25.165000915527344,24.185993194580078,2900
2025-12-04,25.020000457763672,25.197999954223633,25.020000457763672,25.030000686645508,24.056245803833008,2800
2025-12-05,25.010000228881836,25.06999969482422,24.950000762939453,25.06999969482422,24.094688415527344,5400
2025-12-08,25.149999618530273,25.149999618530273,24.809999465942383,24.860000610351562,23.892858505249023,7800
2025-12-09,24.93000030517578,24.989999771118164,24.90999984741211,24.920000076293945,23.950523376464844,2000
2025-12-10,24.924999237060547,24.950000762939453,24.799999237060547,24.799999237060547,23.83519172668457,5000
2025-12-11,24.709999084472656,24.91900062561035,24.709999084472656,24.899999618530273,23.931303024291992,7600
2025-12-12,24.969999313354492,24.969999313354492,24.700000762939453,24.770000457763672,23.806360244750977,15400
2025-12-15,24.799999237060547,24.860000610351562,24.75,24.860000610351562,23.892858505249023,3600
2025-12-16,24.860000610351562,24.860000610351562,24.801000595092773,24.809999465942383,23.844802856445312,3700
2025-12-17,24.950000762939453,25.280000686645508,24.950000762939453,25.260000228881836,24.277297973632812,13400
2025-12-18,25.107999801635742,25.1200008392334,25.107999801635742,25.1200008392334,24.142744064331055,1300
2025-12-19,25.174999237060547,25.200000762939453,25.170000076293945,25.200000762939453,24.219633102416992,1300
2025-12-22,25.172000885009766,25.200000762939453,25.172000885009766,25.200000762939453,24.219633102416992,4000
2025-12-23,25.25,25.299999237060547,25.190000534057617,25.29800033569336,24.313817977905273,7500
2025-12-24,25.29800033569336,25.29800033569336,25.29800033569336,25.29800033569336,24.313817977905273,0
2025-12-26,25.5,25.5,25.5,25.5,24.507959365844727,400
2025-12-29,25.5,25.5,25.5,25.5,24.507959365844727,0
2025-12-30,25.5,25.5,25.5,25.5,24.507959365844727,0
2025-12-31,25.219999313354492,25.229999542236328,25.200000762939453,25.200000762939453,24.219633102416992,2100
2026-01-02,25.200000762939453,25.25,25.200000762939453,25.25,24.26768684387207,300
2026-01-05,25.200000762939453,25.3799991607666,25.200000762939453,25.3799991607666,24.392627716064453,1600
2026-01-06,25.3700008392334,25.459999084472656,25.239999771118164,25.34600067138672,24.359952926635742,800
2026-01-07,25.356000900268555,25.356000900268555,25.25,25.31999969482422,24.334962844848633,800
2026-01-08,25.299999237060547,25.299999237060547,25.25,25.25,24.26768684387207,400
2026-01-09,25.25,25.25,25.25,25.25,24.26768684387207,0
2026-01-12,25.149999618530273,25.149999618530273,25.149999618530273,25.149999618530273,24.17157554626465,200
2026-01-13,25.416000366210938,25.416000366210938,25.416000366210938,25.416000366210938,24.427228927612305,300
2026-01-14,25.459999084472656,25.459999084472656,25.150999069213867,25.150999069213867,24.172536849975586,1100
2026-01-15,25.15999984741211,25.360000610351562,25.100000381469727,25.100000381469727,24.12352180480957,4200
2026-01-16,25.25,25.459999084472656,25.183000564575195,25.459999084472656,24.46951675415039,4100
2026-01-20,25.450000762939453,25.450000762939453,25.3700008392334,25.3700008392334,24.383018493652344,500
2026-01-21,25.350000381469727,25.350000381469727,25.350000381469727,25.350000381469727,24.36379623413086,100
2026-01-22,25.43000030517578,25.43000030517578,25.43000030517578,25.43000030517578,24.440685272216797,400
2026-01-23,25.43000030517578,25.43000030517578,25.43000030517578,25.43000030517578,24.440685272216797,0
2026-01-26,25.35300064086914,25.35300064086914,25.35300064086914,25.35300064086914,24.366680145263672,200
2026-01-27,25.450000762939453,25.450000762939453,25.415000915527344,25.415000915527344,24.42626953125,1300
2026-01-28,25.408000946044922,25.450000762939453,25.364999771118164,25.364999771118164,24.378211975097656,2200
2026-01-29,25.360000610351562,25.360000610351562,25.360000610351562,25.360000610351562,24.3734073638916,600
2026-01-30,25.450000762939453,25.450000762939453,25.450000762939453,25.450000762939453,24.45990753173828,300
2026-02-02,25.299999237060547,25.299999237060547,25.25,25.25,24.26768684387207,2300
2026-02-03,25.354999542236328,25.354999542236328,25.354999542236328,25.354999542236328,24.368600845336914,200
2026-02-04,25.3799991607666,25.450000762939453,25.3799991607666,25.450000762939453,24.45990753173828,800
2026-02-05,25.354999542236328,25.450000762939453,25.354999542236328,25.354999542236328,24.368600845336914,2900
2026-02-06,25.354999542236328,25.354999542236328,25.354999542236328,25.354999542236328,24.368600845336914,0
2026-02-09,25.260000228881836,25.260000228881836,25.260000228881836,25.260000228881836,24.277297973632812,500
2026-02-10,25.381999969482422,25.450000762939453,25.280000686645508,25.450000762939453,24.45990753173828,4100
2026-02-11,25.420000076293945,25.450000762939453,25.290000915527344,25.450000762939453,24.45990753173828,2200
2026-02-12,25.450000762939453,25.459999084472656,25.388999938964844,25.459999084472656,24.46951675415039,1400
2026-02-13,25.364999771118164,25.450000762939453,25.364999771118164,25.43000030517578,24.440685272216797,2900
2026-02-17,25.399999618530273,25.424999237060547,25.25,25.25,24.26768684387207,25900
2026-02-18,25.3799991607666,25.3799991607666,25.280000686645508,25.298999786376953,24.31477928161621,22300
2026-02-19,25.299999237060547,25.299999237060547,25.170000076293945,25.200000762939453,24.219633102416992,19700
2026-02-20,25.200000762939453,25.229999542236328,25.18000030517578,25.229999542236328,24.248464584350586,28700
2026-02-23,25.25,25.450000762939453,25.139999389648438,25.450000762939453,24.45990753173828,13600
2026-02-24,25.3799991607666,25.399999618530273,25.270000457763672,25.304000854492188,24.31958770751953,5200
2026-02-25,25.25,25.329999923706055,25.25,25.320999145507812,24.335922241210938,800
2026-02-26,25.299999237060547,25.399999618530273,25.290000915527344,25.360000610351562,24.3734073638916,2100
2026-02-27,24.959999084472656,24.959999084472656,24.90999984741211,24.920000076293945,24.432231903076172,10600
2026-03-02,25.0,25.0,24.93000030517578,24.950000762939453,24.461647033691406,7400
2026-03-03,24.989999771118164,25.0,24.93000030517578,24.93000030517578,24.44203758239746,8300
2026-03-04,24.950000762939453,25.200000762939453,24.940000534057617,24.940000534057617,24.451841354370117,6900
2026-03-05,25.06399917602539,25.06399917602539,25.06399917602539,25.06399917602539,24.573413848876953,600
2026-03-06,25.1299991607666,25.25,25.0,25.25,24.755773544311523,5100
2026-03-09,24.81999969482422,25.100000381469727,24.81999969482422,24.969999313354492,24.481252670288086,6400
2026-03-10,25.225000381469727,25.25,25.2189998626709,25.25,24.755773544311523,800
2026-03-11,25.135000228881836,25.135000228881836,25.135000228881836,25.135000228881836,24.643024444580078,300
2026-03-12,25.010000228881836,25.299999237060547,25.010000228881836,25.299999237060547,24.804794311523438,2600
2026-03-13,25.135000228881836,25.135000228881836,25.135000228881836,25.135000228881836,24.643024444580078,100
2026-03-16,25.200000762939453,25.200000762939453,25.158000946044922,25.158000946044922,24.66557502746582,2100
2026-03-17,25.139999389648438,25.299999237060547,25.139999389648438,25.219999313354492,24.726360321044922,1000
2026-03-18,25.299999237060547,25.299999237060547,25.149999618530273,25.149999618530273,24.657730102539062,700
2026-03-19,25.253999710083008,25.253999710083008,25.253999710083008,25.253999710083008,24.759695053100586,400
2026-03-20,25.299999237060547,25.299999237060547,25.139999389648438,25.20800018310547,24.714595794677734,4100
2026-03-23,25.299999237060547,25.299999237060547,25.299999237060547,25.299999237060547,24.804794311523438,200
2026-03-24,25.299999237060547,25.3700008392334,25.25,25.360000610351562,24.86362075805664,1600
2026-03-25,25.360000610351562,25.360000610351562,25.360000610351562,25.360000610351562,24.86362075805664,0
2026-03-26,25.3799991607666,25.3799991607666,25.079999923706055,25.15999984741211,24.66753578186035,2200
2026-03-27,25.209999084472656,25.209999084472656,25.209999084472656,25.209999084472656,24.716554641723633,300
2026-03-30,25.15999984741211,25.18000030517578,25.15999984741211,25.18000030517578,24.687143325805664,1000
2026-03-31,25.139999389648438,25.139999389648438,25.049999237060547,25.049999237060547,24.5596866607666,600
2026-04-01,25.049999237060547,25.049999237060547,25.049999237060547,25.049999237060547,24.5596866607666,800
2026-04-02,25.049999237060547,25.049999237060547,25.049999237060547,25.049999237060547,24.5596866607666,0
2026-04-06,25.030000686645508,25.030000686645508,24.945999145507812,25.0,24.510665893554688,1000
2026-04-07,25.0,25.0,25.0,25.0,24.510665893554688,200
2026-04-08,25.399999618530273,25.399999618530273,25.399999618530273,25.399999618530273,24.9028377532959,400
2026-04-09,25.149999618530273,25.149999618530273,25.030000686645508,25.030000686645508,24.540081024169922,1200
2026-04-10,25.118000030517578,25.1200008392334,25.118000030517578,25.1200008392334,24.628318786621094,400
2026-04-13,25.190000534057617,25.520000457763672,25.155000686645508,25.459999084472656,24.96166229248047,3600
2026-04-14,25.479999542236328,25.479999542236328,25.479999542236328,25.479999542236328,24.981271743774414,500
2026-04-15,25.479999542236328,25.479999542236328,25.479999542236328,25.479999542236328,24.981271743774414,0
2026-04-16,25.479999542236328,25.479999542236328,25.479999542236328,25.479999542236328,24.981271743774414,0
2026-04-17,25.450000762939453,25.479999542236328,25.440000534057617,25.440000534057617,24.942054748535156,800
2026-04-20,25.489999771118164,25.489999771118164,25.469999313354492,25.469999313354492,24.971466064453125,400
2026-04-21,25.469999313354492,25.469999313354492,25.469999313354492,25.469999313354492,24.971466064453125,0
2026-04-22,25.469999313354492,25.469999313354492,25.469999313354492,25.469999313354492,24.971466064453125,0
2026-04-23,25.385000228881836,25.385000228881836,25.270000457763672,25.270000457763672,24.77538299560547,1100
2026-04-24,25.39900016784668,25.39900016784668,25.270000457763672,25.270000457763672,24.77538299560547,300
2026-04-27,25.5,25.5,25.280000686645508,25.459999084472656,24.96166229248047,2200
2026-04-28,25.229999542236328,25.229999542236328,25.229999542236328,25.229999542236328,24.736164093017578,300
2026-04-29,25.34000015258789,25.34000015258789,25.25,25.34000015258789,24.844011306762695,1200
2026-04-30,25.375,25.450000762939453,25.375,25.450000762939453,24.951860427856445,500
2026-05-01,25.450000762939453,25.450000762939453,25.450000762939453,25.450000762939453,24.951860427856445,0
2026-05-04,25.3799991607666,25.3799991607666,25.354999542236328,25.354999542236328,24.85871696472168,800
2026-05-05,25.320999145507812,25.320999145507812,25.320999145507812,25.320999145507812,24.825382232666016,300
2026-05-06,25.34000015258789,25.34000015258789,25.31999969482422,25.31999969482422,24.824403762817383,800
2026-05-07,25.434999465942383,25.434999465942383,25.434999465942383,25.434999465942383,24.937150955200195,200
2026-05-08,25.360000610351562,25.450000762939453,25.25,25.25,24.755773544311523,1800
2026-05-11,25.375,25.450000762939453,25.375,25.450000762939453,24.951860427856445,300
2026-05-12,25.440000534057617,25.440000534057617,25.440000534057617,25.440000534057617,24.942054748535156,300
2026-05-13,25.410999298095703,25.410999298095703,25.410999298095703,25.410999298095703,24.91362190246582,200
2026-05-14,25.31999969482422,25.393999099731445,25.31999969482422,25.329999923706055,24.83420753479004,1600
2026-05-15,25.329999923706055,25.440000534057617,25.329999923706055,25.440000534057617,24.942054748535156,700
2026-05-18,25.329999923706055,25.450000762939453,25.299999237060547,25.424999237060547,24.92734718322754,6100
2026-05-19,25.450000762939453,25.450000762939453,25.309999465942383,25.420000076293945,24.92244529724121,2200
2026-05-20,25.299999237060547,25.385000228881836,25.283000946044922,25.290000915527344,24.79499053955078,15200
2026-05-21,25.309999465942383,25.40999984741211,25.309999465942383,25.399999618530273,24.9028377532959,1900
2026-05-22,25.399999618530273,25.399999618530273,25.384000778198242,25.399999618530273,24.9028377532959,1900
2026-05-26,25.399999618530273,25.459999084472656,25.399999618530273,25.459999084472656,24.96166229248047,6000
2026-05-27,25.399999618530273,25.540000915527344,25.399999618530273,25.540000915527344,25.040098190307617,600
2026-05-28,25.420000076293945,25.545000076293945,25.420000076293945,25.545000076293945,25.045000076293945,1100
2026-05-29,25.049999237060547,25.25,24.899999618530273,25.25,25.25,4500
2026-06-01,25.049999237060547,25.229999542236328,25.049999237060547,25.229999542236328,25.229999542236328,3600
2026-06-02,25.375,25.375,25.375,25.375,25.375,200
2026-06-03,25.270000457763672,25.270000457763672,25.163999557495117,25.163999557495117,25.163999557495117,1500
2026-06-04,25.25,25.25,25.25,25.25,25.25,2100
2026-06-05,25.22599983215332,25.25,25.22599983215332,25.25,25.25,600
2026-06-08,25.25,25.25,25.25,25.25,25.25,1200
2026-06-09,25.25,25.25,25.25,25.25,25.25,0
2026-06-10,25.299999237060547,25.299999237060547,25.260000228881836,25.260000228881836,25.260000228881836,500
2026-06-11,25.190000534057617,25.190000534057617,25.190000534057617,25.190000534057617,25.190000534057617,700
2026-06-12,25.385000228881836,25.385000228881836,25.385000228881836,25.385000228881836,25.385000228881836,500
2026-06-15,25.385000228881836,25.385000228881836,25.385000228881836,25.385000228881836,25.385000228881836,0
2026-06-16,25.350000381469727,25.350000381469727,25.270000457763672,25.270000457763672,25.270000457763672,500
2026-06-17,25.25,25.299999237060547,25.25,25.25,25.25,2200
2026-06-18,25.25,25.25,25.25,25.25,25.25,0
2026-06-22,25.128999710083008,25.128999710083008,25.128999710083008,25.128999710083008,25.128999710083008,700
2026-06-23,25.152000427246094,25.350000381469727,25.149999618530273,25.22800064086914,25.22800064086914,2300
2026-06-24,25.229999542236328,25.229999542236328,25.229999542236328,25.229999542236328,25.229999542236328,600
2026-06-25,25.26799964904785,25.26799964904785,25.26799964904785,25.26799964904785,25.26799964904785,300
2026-06-26,25.26799964904785,25.26799964904785,25.26799964904785,25.26799964904785,25.26799964904785,0
2026-06-29,25.26799964904785,25.26799964904785,25.26799964904785,25.26799964904785,25.26799964904785,0
2026-06-30,25.270000457763672,25.350000381469727,25.267000198364258,25.267000198364258,25.267000198364258,2900
2026-07-01,25.280000686645508,25.34000015258789,25.280000686645508,25.34000015258789,25.34000015258789,1000
2026-07-02,25.34000015258789,25.388999938964844,25.280000686645508,25.280000686645508,25.280000686645508,7900
2026-07-06,25.270000457763672,25.441999435424805,25.270000457763672,25.350000381469727,25.350000381469727,1100
2026-07-07,25.350000381469727,25.382999420166016,25.350000381469727,25.382999420166016,25.382999420166016,1800
2026-07-08,25.395000457763672,25.399999618530273,25.350000381469727,25.350000381469727,25.350000381469727,2300
2026-07-09,25.350000381469727,25.350000381469727,25.350000381469727,25.350000381469727,25.350000381469727,200
2026-07-10,25.350000381469727,25.350000381469727,25.350000381469727,25.350000381469727,25.350000381469727,0
2026-07-13,25.40999984741211,25.440000534057617,25.40999984741211,25.440000534057617,25.440000534057617,2000
2026-07-14,25.440000534057617,25.440000534057617,25.440000534057617,25.440000534057617,25.440000534057617,0
2026-07-15,25.579999923706055,25.579999923706055,25.5,25.5,25.5,500
2026-07-16,25.530000686645508,25.530000686645508,25.459999084472656,25.459999084472656,25.459999084472656,3600
2026-07-17,25.399999618530273,25.399999618530273,25.389999389648438,25.399999618530273,25.399999618530273,3700
2026-07-20,25.450000762939453,25.600000381469727,25.450000762939453,25.600000381469727,25.600000381469727,2500
2026-07-23,25.549999237060547,25.549999237060547,25.299999237060547,25.410999298095703,25.410999298095703,5700
2026-07-24,25.440000534057617,25.440000534057617,25.440000534057617,25.440000534057617,25.440000534057617,100
2026-07-27,25.440000534057617,25.440000534057617,25.440000534057617,25.440000534057617,25.440000534057617,0
2026-07-28,25.385000228881836,25.385000228881836,25.290000915527344,25.319000244140625,25.319000244140625,5100
2026-07-29,25.399999618530273,25.399999618530273,25.399999618530273,25.399999618530273,25.399999618530273,800
2026-07-30,25.402000427246094,25.40999984741211,25.402000427246094,25.40999984741211,25.40999984741211,400
2026-08-03,25.3700008392334,25.3700008392334,25.3700008392334,25.3700008392334,25.3700008392334,300
2026-08-04,25.3700008392334,25.3700008392334,25.3700008392334,25.3700008392334,25.3700008392334,0
2026-08-05,25.3700008392334,25.3700008392334,25.3700008392334,25.3700008392334,25.3700008392334,0
2026-08-06,25.584999084472656,25.584999084472656,25.584999084472656,25.584999084472656,25.584999084472656,400
2026-08-07,25.584999084472656,25.584999084472656,25.584999084472656,25.584999084472656,25.584999084472656,0
2026-08-10,25.615999221801758,25.615999221801758,25.615999221801758,25.615999221801758,25.615999221801758,200
2026-08-11,25.459999084472656,25.5,25.459999084472656,25.5,25.5,1000
2026-08-12,25.469999313354492,25.469999313354492,25.469999313354492,25.469999313354492,25.469999313354492,900
2026-08-13,25.489999771118164,25.670000076293945,25.399999618530273,25.670000076293945,25.670000076293945,2700
2026-08-14,25.399999618530273,25.399999618530273,25.399999618530273,25.399999618530273,25.399999618530273,1157
