Date,Open,High,Low,Close,Adj Close,Volume
2021-08-16,11.529999732971191,11.859999656677246,11.300000190734863,11.6899995803833,9.81839656829834,115700
2021-08-17,11.729999542236328,11.9399995803833,11.510000228881836,11.899999618530273,9.99477481842041,80900
2021-08-18,11.760000228881836,11.920000076293945,11.550000190734863,11.569999694824219,9.717611312866211,60900
2021-08-19,11.399999618530273,11.649999618530273,10.899999618530273,11.279999732971191,9.474039077758789,86100
2021-08-20,11.220000267028809,11.609999656677246,11.180000305175781,11.529999732971191,9.684013366699219,118500
2021-08-23,11.5,11.569999694824219,11.350000381469727,11.539999961853027,9.692414283752441,64800
2021-08-24,11.489999771118164,11.619999885559082,11.359999656677246,11.539999961853027,9.692414283752441,64900
2021-08-25,11.460000038146973,11.850000381469727,11.420000076293945,11.710000038146973,9.835196495056152,72000
2021-08-26,11.640000343322754,11.640000343322754,11.350000381469727,11.460000038146973,9.62522029876709,69400
2021-08-27,11.399999618530273,11.59000015258789,11.300000190734863,11.329999923706055,9.574518203735352,71500
2021-08-30,11.369999885559082,11.600000381469727,11.25,11.399999618530273,9.633668899536133,74200
2021-08-31,11.329999923706055,12.109999656677246,11.329999923706055,12.09000015258789,10.21676254272461,89800
2021-09-01,12.039999961853027,12.050000190734863,11.539999961853027,11.760000228881836,9.937891960144043,105600
2021-09-02,11.75,12.180000305175781,11.670000076293945,12.0,10.140707969665527,50100
2021-09-03,12.039999961853027,12.039999961853027,11.699999809265137,11.920000076293945,10.073102951049805,50400
2021-09-07,11.84000015258789,11.869999885559082,11.550000190734863,11.65999984741211,9.853385925292969,90300
2021-09-08,11.729999542236328,11.75,11.380000114440918,11.550000190734863,9.760430335998535,110000
2021-09-09,11.449999809265137,11.550000190734863,11.25,11.390000343322754,9.625221252441406,76800
2021-09-10,11.25,11.270000457763672,10.859999656677246,10.869999885559082,9.185791969299316,144200
2021-09-13,10.970000267028809,10.989999771118164,10.619999885559082,10.630000114440918,8.982975959777832,132700
2021-09-14,10.640000343322754,10.640000343322754,10.25,10.329999923706055,8.729458808898926,120600
2021-09-15,10.270000457763672,10.270000457763672,10.020000457763672,10.140000343322754,8.568897247314453,102700
2021-09-16,10.0600004196167,10.199999809265137,9.880000114440918,9.949999809265137,8.40833568572998,145400
2021-09-17,10.0,10.34000015258789,9.949999809265137,10.220000267028809,8.636503219604492,499600
2021-09-20,10.0600004196167,10.479999542236328,9.979999542236328,10.390000343322754,8.780160903930664,98300
2021-09-21,10.449999809265137,10.600000381469727,10.40999984741211,10.4399995803833,8.82241439819336,71400
2021-09-22,10.5,10.59000015258789,10.4399995803833,10.5600004196167,8.923824310302734,62400
2021-09-23,10.59000015258789,10.710000038146973,10.539999961853027,10.5600004196167,8.923824310302734,44600
2021-09-24,10.5600004196167,10.84000015258789,10.5600004196167,10.75,9.084382057189941,82400
2021-09-27,10.84000015258789,11.220000267028809,10.84000015258789,10.930000305175781,9.236494064331055,105300
2021-09-28,10.970000267028809,11.329999923706055,10.970000267028809,11.100000381469727,9.380152702331543,155200
2021-09-29,11.149999618530273,11.640000343322754,11.109999656677246,11.520000457763672,9.735079765319824,77400
2021-09-30,11.40999984741211,11.470000267028809,11.199999809265137,11.220000267028809,9.481561660766602,81700
2021-10-01,11.329999923706055,11.329999923706055,11.039999961853027,11.260000228881836,9.515364646911621,73600
2021-10-04,11.260000228881836,11.720000267028809,11.170000076293945,11.600000381469727,9.802684783935547,100800
2021-10-05,11.529999732971191,11.529999732971191,10.949999809265137,11.109999656677246,9.388605117797852,79300
2021-10-06,11.100000381469727,11.3100004196167,10.9399995803833,11.220000267028809,9.481561660766602,66000
2021-10-07,11.229999542236328,11.420000076293945,11.220000267028809,11.399999618530273,9.633668899536133,141000
2021-10-08,11.34000015258789,11.5,10.979999542236328,11.350000381469727,9.591419219970703,41400
2021-10-11,11.390000343322754,11.470000267028809,11.319999694824219,11.399999618530273,9.633668899536133,37900
2021-10-12,11.40999984741211,11.569999694824219,11.210000038146973,11.390000343322754,9.625221252441406,29200
2021-10-13,11.350000381469727,11.470000267028809,11.300000190734863,11.399999618530273,9.633668899536133,33300
2021-10-14,11.40999984741211,11.65999984741211,11.40999984741211,11.550000190734863,9.760430335998535,55800
2021-10-15,11.680000305175781,11.760000228881836,11.609999656677246,11.630000114440918,9.828034400939941,61000
2021-10-18,11.640000343322754,11.760000228881836,11.630000114440918,11.710000038146973,9.89564037322998,61800
2021-10-19,11.75,11.84000015258789,11.609999656677246,11.789999961853027,9.963244438171387,44900
2021-10-20,11.819999694824219,12.039999961853027,11.8100004196167,11.949999809265137,10.098456382751465,42200
2021-10-21,12.0,12.09000015258789,11.960000038146973,12.0,10.140707969665527,24500
2021-10-22,12.069999694824219,12.390000343322754,12.020000457763672,12.329999923706055,10.419576644897461,68600
2021-10-25,12.380000114440918,12.380000114440918,12.020000457763672,12.109999656677246,10.233662605285645,52400
2021-10-26,12.0600004196167,12.199999809265137,11.829999923706055,12.140000343322754,10.259016990661621,98400
2021-10-27,12.079999923706055,12.239999771118164,12.029999732971191,12.100000381469727,10.225214004516602,32000
2021-10-28,12.109999656677246,12.239999771118164,11.970000267028809,12.029999732971191,10.166059494018555,38500
2021-10-29,12.050000190734863,12.229999542236328,12.0,12.180000305175781,10.292819023132324,38200
2021-11-01,12.220000267028809,12.550000190734863,12.140000343322754,12.489999771118164,10.554786682128906,73900
2021-11-02,12.489999771118164,12.529999732971191,12.25,12.3100004196167,10.40267562866211,50600
2021-11-03,12.34000015258789,12.800000190734863,12.34000015258789,12.720000267028809,10.749150276184082,41200
2021-11-04,12.670000076293945,12.829999923706055,12.579999923706055,12.8100004196167,10.825203895568848,39200
2021-11-05,12.75,13.199999809265137,12.75,12.970000267028809,10.96041488647461,71000
2021-11-08,12.930000305175781,13.050000190734863,12.579999923706055,12.779999732971191,10.79985237121582,43600
2021-11-09,12.699999809265137,12.90999984741211,12.699999809265137,12.829999923706055,10.842105865478516,32400
2021-11-10,12.859999656677246,13.109999656677246,12.789999961853027,13.039999961853027,11.019569396972656,37100
2021-11-11,13.100000381469727,13.180000305175781,12.949999809265137,13.0600004196167,11.036470413208008,28400
2021-11-12,13.1899995803833,13.239999771118164,13.109999656677246,13.15999984741211,11.120975494384766,37500
2021-11-15,13.130000114440918,13.390000343322754,13.109999656677246,13.350000381469727,11.281537055969238,53200
2021-11-16,13.34000015258789,13.34000015258789,13.0600004196167,13.100000381469727,11.070272445678711,41200
2021-11-17,13.170000076293945,13.229999542236328,12.390000343322754,12.529999732971191,10.58858871459961,59900
2021-11-18,12.529999732971191,12.75,12.260000228881836,12.5600004196167,10.613940238952637,65900
2021-11-19,13.789999961853027,14.5,13.550000190734863,13.869999885559082,11.720968246459961,129900
2021-11-22,14.0,14.529999732971191,13.949999809265137,14.380000114440918,12.151948928833008,53500
2021-11-23,14.479999542236328,14.8100004196167,14.279999732971191,14.65999984741211,12.38856315612793,68200
2021-11-24,14.640000343322754,14.640000343322754,13.960000038146973,14.210000038146973,12.008288383483887,52700
2021-11-26,13.739999771118164,13.859999656677246,13.0,13.34000015258789,11.352981567382812,62000
2021-11-29,13.600000381469727,13.600000381469727,12.869999885559082,12.979999542236328,11.046602249145508,82400
2021-11-30,13.100000381469727,13.199999809265137,12.649999618530273,12.859999656677246,10.944477081298828,76500
2021-12-01,13.079999923706055,13.220000267028809,12.65999984741211,12.65999984741211,10.77426815032959,47300
2021-12-02,12.789999961853027,13.470000267028809,12.789999961853027,13.369999885559082,11.378511428833008,62600
2021-12-03,13.420000076293945,13.460000038146973,13.100000381469727,13.119999885559082,11.165748596191406,43700
2021-12-06,13.319999694824219,13.75,13.3100004196167,13.390000343322754,11.395532608032227,52600
2021-12-07,13.470000267028809,13.470000267028809,12.930000305175781,12.960000038146973,11.029580116271973,43800
2021-12-08,13.079999923706055,13.100000381469727,12.770000457763672,12.930000305175781,11.00405216217041,49300
2021-12-09,12.949999809265137,12.949999809265137,12.729999542236328,12.789999961853027,10.884903907775879,21900
2021-12-10,12.779999732971191,12.979999542236328,12.609999656677246,12.770000457763672,10.867881774902344,66600
2021-12-13,12.819999694824219,13.220000267028809,12.729999542236328,13.069999694824219,11.123198509216309,52200
2021-12-14,13.069999694824219,13.210000038146973,12.779999732971191,12.850000381469727,10.935967445373535,92200
2021-12-15,13.0600004196167,13.489999771118164,12.930000305175781,13.130000114440918,11.1742582321167,192300
2021-12-16,13.289999961853027,13.720000267028809,13.15999984741211,13.619999885559082,11.59127426147461,70700
2021-12-17,13.529999732971191,14.3100004196167,13.430000305175781,13.960000038146973,11.880629539489746,112000
2021-12-20,14.010000228881836,14.039999961853027,13.649999618530273,13.930000305175781,11.855100631713867,140800
2021-12-21,14.0,14.1899995803833,13.680000305175781,14.170000076293945,12.059350967407227,95900
2021-12-22,14.15999984741211,14.350000381469727,13.989999771118164,14.25,12.127433776855469,52900
2021-12-23,14.199999809265137,14.390000343322754,14.039999961853027,14.260000228881836,12.135944366455078,38100
2021-12-27,14.1899995803833,14.260000228881836,13.960000038146973,14.039999961853027,11.948713302612305,44300
2021-12-28,14.010000228881836,14.350000381469727,14.010000228881836,14.25,12.127433776855469,35100
2021-12-29,14.210000038146973,14.680000305175781,14.149999618530273,14.5,12.34019660949707,47000
2021-12-30,14.420000076293945,14.630000114440918,14.100000381469727,14.289999961853027,12.161477088928223,37200
2021-12-31,14.220000267028809,14.34000015258789,14.140000343322754,14.25,12.127433776855469,27500
2022-01-03,14.25,14.390000343322754,14.100000381469727,14.350000381469727,12.212538719177246,31600
2022-01-04,14.329999923706055,14.8100004196167,14.329999923706055,14.6899995803833,12.5018949508667,54100
2022-01-05,14.800000190734863,15.079999923706055,14.770000457763672,14.869999885559082,12.655083656311035,61700
2022-01-06,14.880000114440918,14.890000343322754,14.3100004196167,14.569999694824219,12.39976978302002,52300
2022-01-07,14.720000267028809,14.760000228881836,14.430000305175781,14.5600004196167,12.39125919342041,24300
2022-01-10,14.539999961853027,14.579999923706055,14.3100004196167,14.550000190734863,12.382750511169434,30100
2022-01-11,14.59000015258789,14.640000343322754,13.520000457763672,13.729999542236328,11.684889793395996,49000
2022-01-12,13.670000076293945,13.720000267028809,13.300000190734863,13.609999656677246,11.582763671875,64100
2022-01-13,13.850000381469727,14.289999961853027,13.850000381469727,14.149999618530273,12.042329788208008,34800
2022-01-14,14.15999984741211,14.180000305175781,13.59000015258789,13.75,11.701909065246582,39800
2022-01-18,13.720000267028809,13.720000267028809,13.3100004196167,13.649999618530273,11.616804122924805,55900
2022-01-19,13.699999809265137,13.949999809265137,13.210000038146973,13.880000114440918,11.812546730041504,66700
2022-01-20,13.770000457763672,13.960000038146973,13.59000015258789,13.899999618530273,11.829567909240723,96200
2022-01-21,13.84000015258789,14.079999923706055,13.649999618530273,13.949999809265137,11.87212085723877,118000
2022-01-24,14.050000190734863,14.619999885559082,13.859999656677246,14.470000267028809,12.314663887023926,97500
2022-01-25,14.270000457763672,14.920000076293945,14.0,14.369999885559082,12.229561805725098,107300
2022-01-26,14.369999885559082,14.699999809265137,14.239999771118164,14.319999694824219,12.187009811401367,72200
2022-01-27,14.380000114440918,14.680000305175781,14.15999984741211,14.350000381469727,12.212538719177246,89100
2022-01-28,14.260000228881836,14.260000228881836,13.930000305175781,14.050000190734863,11.95722484588623,55700
2022-01-31,14.020000457763672,14.630000114440918,13.9399995803833,14.600000381469727,12.425299644470215,58400
2022-02-01,14.579999923706055,15.039999961853027,14.479999542236328,14.880000114440918,12.663593292236328,48600
2022-02-02,14.890000343322754,15.34000015258789,14.850000381469727,14.880000114440918,12.663593292236328,98100
2022-02-03,14.5,14.800000190734863,13.899999618530273,14.020000457763672,11.931694984436035,101400
2022-02-04,14.140000343322754,15.25,13.649999618530273,15.25,12.978482246398926,126500
2022-02-07,15.300000190734863,16.149999618530273,15.300000190734863,16.110000610351562,13.710384368896484,86900
2022-02-08,16.200000762939453,16.81999969482422,16.059999465942383,16.600000381469727,14.127397537231445,115500
2022-02-09,16.530000686645508,16.979999542236328,16.399999618530273,16.780000686645508,14.280586242675781,121500
2022-02-10,16.809999465942383,17.489999771118164,16.780000686645508,17.360000610351562,14.774194717407227,112800
2022-02-11,17.459999084472656,18.729999542236328,17.459999084472656,18.520000457763672,15.761408805847168,229800
2022-02-14,18.739999771118164,18.93000030517578,17.719999313354492,18.059999465942383,15.369927406311035,326000
2022-02-15,18.18000030517578,18.3799991607666,17.799999237060547,17.979999542236328,15.301841735839844,108500
2022-02-16,17.899999618530273,18.1299991607666,17.34000015258789,17.690000534057617,15.055041313171387,78700
2022-02-17,17.360000610351562,18.360000610351562,17.360000610351562,18.209999084472656,15.497583389282227,146500
2022-02-18,18.0,18.149999618530273,17.459999084472656,17.5,14.89333724975586,79400
2022-02-22,17.399999618530273,17.809999465942383,17.270000457763672,17.579999923706055,14.961424827575684,88500
2022-02-23,17.549999237060547,17.770000457763672,17.309999465942383,17.350000381469727,14.765684127807617,44000
2022-02-24,17.06999969482422,17.100000381469727,16.40999984741211,16.90999984741211,14.391221046447754,63600
2022-02-25,16.84000015258789,17.3700008392334,16.6299991607666,17.260000228881836,14.776471138000488,52600
2022-02-28,17.190000534057617,17.190000534057617,16.540000915527344,16.969999313354492,14.528203010559082,71300
2022-03-01,16.889999389648438,17.270000457763672,16.799999237060547,17.170000076293945,14.699421882629395,182400
2022-03-02,17.34000015258789,17.790000915527344,17.34000015258789,17.530000686645508,15.007622718811035,162800
2022-03-03,17.979999542236328,18.81999969482422,17.979999542236328,18.549999237060547,15.880854606628418,97900
2022-03-04,18.549999237060547,19.809999465942383,18.420000076293945,19.399999618530273,16.60854721069336,148600
2022-03-07,19.59000015258789,19.75,18.209999084472656,18.540000915527344,15.872292518615723,107800
2022-03-08,19.399999618530273,21.989999771118164,19.25,19.75,16.908191680908203,365500
2022-03-09,19.899999618530273,20.3700008392334,18.049999237060547,18.110000610351562,15.504167556762695,173600
2022-03-10,18.09000015258789,18.56999969482422,16.899999618530273,18.459999084472656,15.803805351257324,177400
2022-03-11,18.229999542236328,18.3799991607666,16.799999237060547,16.860000610351562,14.434029579162598,121900
2022-03-14,16.649999618530273,17.219999313354492,16.219999313354492,16.860000610351562,14.434029579162598,87400
2022-03-15,16.700000762939453,17.739999771118164,16.700000762939453,17.6299991607666,15.093233108520508,113800
2022-03-16,17.739999771118164,18.34000015258789,17.739999771118164,18.309999465942383,15.675392150878906,103100
2022-03-17,18.40999984741211,18.8700008392334,18.1200008392334,18.31999969482422,15.68394947052002,99900
2022-03-18,18.3799991607666,18.3799991607666,17.809999465942383,17.81999969482422,15.25589370727539,210600
2022-03-21,17.850000381469727,18.549999237060547,17.850000381469727,18.459999084472656,15.803805351257324,60200
2022-03-22,18.420000076293945,18.510000228881836,17.90999984741211,18.489999771118164,15.829483985900879,60800
2022-03-23,18.399999618530273,18.59000015258789,18.1200008392334,18.510000228881836,15.846614837646484,53700
2022-03-24,18.719999313354492,18.8799991607666,18.510000228881836,18.809999465942383,16.10344696044922,65300
2022-03-25,18.729999542236328,19.040000915527344,18.510000228881836,18.799999237060547,16.09488296508789,67800
2022-03-28,18.75,18.770000457763672,18.40999984741211,18.739999771118164,16.04351806640625,94900
2022-03-29,18.610000610351562,19.299999237060547,18.530000686645508,19.15999984741211,16.4030818939209,80700
2022-03-30,19.1200008392334,19.65999984741211,19.079999923706055,19.1299991607666,16.377397537231445,81900
2022-03-31,18.899999618530273,19.760000228881836,18.899999618530273,19.600000381469727,16.779775619506836,53200
2022-04-01,19.59000015258789,19.850000381469727,19.299999237060547,19.829999923706055,16.976675033569336,50400
2022-04-04,19.809999465942383,20.84000015258789,19.059999465942383,20.25,17.336244583129883,190400
2022-04-05,20.299999237060547,20.639999389648438,19.93000030517578,19.950000762939453,17.07941246032715,53300
2022-04-06,19.979999542236328,20.440000534057617,19.65999984741211,20.149999618530273,17.250633239746094,46100
2022-04-07,20.1200008392334,20.84000015258789,20.1200008392334,20.489999771118164,17.54170799255371,41100
2022-04-08,20.399999618530273,21.489999771118164,20.31999969482422,21.239999771118164,18.183795928955078,93800
2022-04-11,21.450000762939453,21.6299991607666,20.68000030517578,20.760000228881836,17.772859573364258,46400
2022-04-12,20.6200008392334,21.09000015258789,20.020000457763672,20.100000381469727,17.20782470703125,61900
2022-04-13,20.200000762939453,20.899999618530273,19.860000610351562,20.75,17.764299392700195,106800
2022-04-14,20.809999465942383,21.489999771118164,20.809999465942383,21.020000457763672,17.995445251464844,56100
2022-04-18,21.139999389648438,21.139999389648438,20.3700008392334,20.559999465942383,17.60163688659668,33900
2022-04-19,20.440000534057617,21.030000686645508,20.399999618530273,20.799999237060547,17.807106018066406,54700
2022-04-20,21.15999984741211,23.600000381469727,21.15999984741211,23.1200008392334,19.793277740478516,209300
2022-04-21,23.479999542236328,23.790000915527344,22.600000381469727,23.68000030517578,20.272705078125,241500
2022-04-22,23.8700008392334,24.25,21.860000610351562,22.09000015258789,18.91149139404297,253100
2022-04-25,22.020000457763672,22.020000457763672,20.690000534057617,21.469999313354492,18.380699157714844,72600
2022-04-26,21.34000015258789,21.3799991607666,20.549999237060547,20.65999984741211,17.68724822998047,65700
2022-04-27,20.65999984741211,21.1200008392334,20.299999237060547,20.84000015258789,17.841346740722656,41100
2022-04-28,21.0,21.0,20.299999237060547,20.84000015258789,17.841346740722656,36100
2022-04-29,20.700000762939453,21.239999771118164,20.31999969482422,20.389999389648438,17.456096649169922,85200
2022-05-02,20.440000534057617,20.979999542236328,20.219999313354492,20.889999389648438,17.8841495513916,63700
2022-05-03,20.860000610351562,21.489999771118164,20.610000610351562,21.219999313354492,18.166669845581055,41900
2022-05-04,21.219999313354492,21.219999313354492,20.479999542236328,21.110000610351562,18.072498321533203,60600
2022-05-05,21.15999984741211,21.15999984741211,18.309999465942383,18.780000686645508,16.077760696411133,119400
2022-05-06,18.239999771118164,19.0,16.56999969482422,17.510000228881836,14.990497589111328,215900
2022-05-09,17.229999542236328,18.229999542236328,16.579999923706055,18.15999984741211,15.546975135803223,124300
2022-05-10,18.399999618530273,18.889999389648438,18.0,18.780000686645508,16.077760696411133,97500
2022-05-11,18.850000381469727,19.360000610351562,18.489999771118164,18.600000381469727,15.923662185668945,116800
2022-05-12,18.540000915527344,19.040000915527344,18.260000228881836,18.6299991607666,15.9493408203125,46300
2022-05-13,18.649999618530273,19.15999984741211,18.469999313354492,18.639999389648438,15.957904815673828,68800
2022-05-16,18.639999389648438,19.010000228881836,18.479999542236328,18.729999542236328,16.034955978393555,251000
2022-05-17,18.829999923706055,19.34000015258789,18.610000610351562,18.8700008392334,16.15481185913086,50200
2022-05-18,18.549999237060547,18.549999237060547,17.270000457763672,17.56999969482422,15.041868209838867,161400
2022-05-19,17.670000076293945,17.670000076293945,16.889999389648438,16.920000076293945,14.485393524169922,68600
2022-05-20,16.989999771118164,17.219999313354492,15.890000343322754,16.09000015258789,13.774822235107422,134600
2022-05-23,16.3700008392334,17.0,16.200000762939453,16.950000762939453,14.511077880859375,97300
2022-05-24,16.829999923706055,16.920000076293945,15.960000038146973,16.56999969482422,14.185757637023926,124100
2022-05-25,16.489999771118164,17.670000076293945,16.229999542236328,17.31999969482422,14.827837944030762,72400
2022-05-26,17.469999313354492,18.1299991607666,17.360000610351562,17.81999969482422,15.25589370727539,96400
2022-05-27,17.56999969482422,17.979999542236328,17.450000762939453,17.809999465942383,15.333378791809082,42900
2022-05-31,17.809999465942383,19.030000686645508,17.420000076293945,17.65999984741211,15.20423412322998,227400
2022-06-01,17.709999084472656,17.709999084472656,16.81999969482422,17.139999389648438,14.756548881530762,83900
2022-06-02,17.209999084472656,17.81999969482422,17.079999923706055,17.65999984741211,15.20423412322998,66200
2022-06-03,17.510000228881836,18.100000381469727,17.260000228881836,17.579999923706055,15.135360717773438,91600
2022-06-06,17.600000381469727,17.860000610351562,17.229999542236328,17.510000228881836,15.075094223022461,117100
2022-06-07,17.520000457763672,17.540000915527344,17.18000030517578,17.40999984741211,14.989006042480469,50300
2022-06-08,17.31999969482422,17.389999389648438,16.90999984741211,16.93000030517578,14.575749397277832,51600
2022-06-09,16.90999984741211,16.979999542236328,16.56999969482422,16.84000015258789,14.498268127441406,48000
2022-06-10,16.440000534057617,17.09000015258789,16.219999313354492,16.940000534057617,14.584360122680664,40600
2022-06-13,16.600000381469727,16.68000030517578,16.0,16.100000381469727,13.861166954040527,83100
2022-06-14,16.15999984741211,17.010000228881836,16.15999984741211,16.940000534057617,14.584360122680664,61600
2022-06-15,16.969999313354492,17.350000381469727,16.959999084472656,17.110000610351562,14.730720520019531,68300
2022-06-16,16.700000762939453,16.739999771118164,15.920000076293945,16.530000686645508,14.231371879577637,87500
2022-06-17,16.6299991607666,16.739999771118164,15.5600004196167,15.640000343322754,13.465134620666504,69300
2022-06-21,15.680000305175781,16.270000457763672,15.65999984741211,16.190000534057617,13.938652038574219,95300
2022-06-22,15.739999771118164,15.899999618530273,15.609999656677246,15.829999923706055,13.628713607788086,56900
2022-06-23,15.800000190734863,16.530000686645508,15.6899995803833,15.850000381469727,13.645934104919434,67900
2022-06-24,15.920000076293945,16.670000076293945,15.779999732971191,16.670000076293945,14.35190486907959,322000
2022-06-27,16.84000015258789,16.979999542236328,16.459999084472656,16.610000610351562,14.300250053405762,54800
2022-06-28,16.8700008392334,17.100000381469727,16.260000228881836,16.290000915527344,14.024748802185059,40200
2022-06-29,16.280000686645508,16.420000076293945,15.9399995803833,16.079999923706055,13.843948364257812,29200
2022-06-30,15.869999885559082,16.030000686645508,15.40999984741211,15.949999809265137,13.732025146484375,54100
2022-07-01,15.970000267028809,16.5,15.899999618530273,16.260000228881836,13.998915672302246,40200
2022-07-05,16.15999984741211,16.15999984741211,15.600000381469727,15.850000381469727,13.645934104919434,51800
2022-07-06,15.890000343322754,16.139999389648438,15.600000381469727,16.030000686645508,13.800902366638184,41000
2022-07-07,16.1200008392334,16.540000915527344,16.030000686645508,16.389999389648438,14.110838890075684,43000
2022-07-08,16.389999389648438,16.530000686645508,16.110000610351562,16.25,13.990307807922363,37000
2022-07-11,16.229999542236328,16.25,16.0,16.170000076293945,13.921432495117188,34600
2022-07-12,16.25,16.93000030517578,16.0,16.829999923706055,14.489656448364258,88500
2022-07-13,16.579999923706055,17.200000762939453,16.280000686645508,16.350000381469727,14.076406478881836,70300
2022-07-14,15.949999809265137,16.1299991607666,15.5600004196167,16.020000457763672,13.792293548583984,39600
2022-07-15,16.350000381469727,16.719999313354492,15.800000190734863,16.469999313354492,14.179715156555176,52700
2022-07-18,16.6299991607666,16.899999618530273,16.549999237060547,16.829999923706055,14.489656448364258,38300
2022-07-19,16.950000762939453,17.030000686645508,16.540000915527344,16.649999618530273,14.334685325622559,62800
2022-07-20,16.68000030517578,16.860000610351562,16.329999923706055,16.81999969482422,14.481043815612793,23800
2022-07-21,16.84000015258789,16.84000015258789,16.209999084472656,16.690000534057617,14.369124412536621,36900
2022-07-22,16.690000534057617,17.06999969482422,16.540000915527344,16.68000030517578,14.360515594482422,41500
2022-07-25,16.8799991607666,17.0,16.489999771118164,16.670000076293945,14.35190486907959,41500
2022-07-26,16.649999618530273,16.649999618530273,16.239999771118164,16.3700008392334,14.093626022338867,36500
2022-07-27,16.3700008392334,17.149999618530273,16.149999618530273,17.110000610351562,14.730720520019531,77500
2022-07-28,17.139999389648438,17.139999389648438,16.549999237060547,16.6200008392334,14.308858871459961,51800
2022-07-29,16.6200008392334,16.649999618530273,16.200000762939453,16.579999923706055,14.274420738220215,47400
2022-08-01,16.399999618530273,17.059999465942383,16.389999389648438,16.969999313354492,14.610189437866211,117400
2022-08-02,17.0,17.09000015258789,16.700000762939453,16.899999618530273,14.549921035766602,30400
2022-08-03,17.139999389648438,17.299999237060547,16.809999465942383,17.219999313354492,14.825420379638672,52000
2022-08-04,17.3799991607666,17.6299991607666,16.739999771118164,16.940000534057617,14.584360122680664,133900
2022-08-05,16.899999618530273,17.079999923706055,15.739999771118164,16.200000762939453,13.94726276397705,174200
2022-08-08,16.200000762939453,16.25,15.680000305175781,15.960000038146973,13.740635871887207,170800
2022-08-09,15.960000038146973,16.100000381469727,15.619999885559082,15.729999542236328,13.542617797851562,56600
2022-08-10,15.960000038146973,15.960000038146973,15.390000343322754,15.449999809265137,13.301554679870605,56400
2022-08-11,15.770000457763672,16.030000686645508,15.34000015258789,15.430000305175781,13.284337997436523,57500
2022-08-12,15.380000114440918,15.630000114440918,15.109999656677246,15.350000381469727,13.215461730957031,44900
2022-08-15,15.4399995803833,15.720000267028809,15.069999694824219,15.630000114440918,13.456525802612305,85600
2022-08-16,15.460000038146973,15.829999923706055,15.420000076293945,15.430000305175781,13.284337997436523,63800
2022-08-17,15.34000015258789,15.59000015258789,14.90999984741211,15.0,12.914131164550781,101000
2022-08-18,15.09000015258789,15.529999732971191,14.989999771118164,15.510000228881836,13.353211402893066,110700
2022-08-19,15.489999771118164,15.670000076293945,15.260000228881836,15.34000015258789,13.206853866577148,102400
2022-08-22,15.25,15.300000190734863,15.0,15.140000343322754,13.034664154052734,60700
2022-08-23,15.0,15.609999656677246,14.760000228881836,15.350000381469727,13.215461730957031,127500
2022-08-24,15.300000190734863,15.399999618530273,14.84000015258789,14.869999885559082,12.802207946777344,38700
2022-08-25,14.869999885559082,14.890000343322754,14.279999732971191,14.529999732971191,12.509488105773926,83500
2022-08-26,14.260000228881836,14.869999885559082,14.069999694824219,14.40999984741211,12.492151260375977,79500
2022-08-29,14.25,14.649999618530273,14.020000457763672,14.59000015258789,12.648195266723633,52600
2022-08-30,14.649999618530273,14.6899995803833,14.0600004196167,14.0600004196167,12.188733100891113,37500
2022-08-31,14.050000190734863,14.510000228881836,13.609999656677246,14.359999656677246,12.44880485534668,126200
2022-09-01,14.199999809265137,14.510000228881836,14.09000015258789,14.220000267028809,12.327439308166504,53700
2022-09-02,14.4399995803833,14.4399995803833,13.9399995803833,14.100000381469727,12.223409652709961,31300
2022-09-06,14.039999961853027,14.039999961853027,13.59000015258789,13.649999618530273,11.833300590515137,74300
2022-09-07,13.630000114440918,14.149999618530273,13.630000114440918,14.0,12.136716842651367,107200
2022-09-08,14.020000457763672,14.020000457763672,13.520000457763672,13.59000015258789,11.78128433227539,38800
2022-09-09,13.75,14.010000228881836,13.550000190734863,13.850000381469727,12.006682395935059,36800
2022-09-12,13.949999809265137,13.949999809265137,13.510000228881836,13.579999923706055,11.772615432739258,54500
2022-09-13,13.380000114440918,13.649999618530273,13.130000114440918,13.319999694824219,11.547221183776855,86900
2022-09-14,13.479999542236328,13.479999542236328,12.800000190734863,12.850000381469727,11.13977336883545,48100
2022-09-15,12.819999694824219,12.970000267028809,12.460000038146973,12.5600004196167,10.888370513916016,54300
2022-09-16,12.460000038146973,12.640000343322754,12.270000457763672,12.609999656677246,10.93171501159668,114700
2022-09-19,12.5,12.789999961853027,12.460000038146973,12.670000076293945,10.983729362487793,74500
2022-09-20,12.649999618530273,12.699999809265137,12.34000015258789,12.399999618530273,10.749663352966309,51400
2022-09-21,12.489999771118164,12.5,12.0,12.140000343322754,10.52426815032959,60600
2022-09-22,12.170000076293945,12.170000076293945,11.890000343322754,11.960000038146973,10.368224143981934,52300
2022-09-23,11.850000381469727,11.850000381469727,11.319999694824219,11.420000076293945,9.900092124938965,88200
2022-09-26,11.4399995803833,11.6899995803833,11.119999885559082,11.229999542236328,9.735382080078125,49600
2022-09-27,11.260000228881836,11.430000305175781,10.869999885559082,10.899999618530273,9.449301719665527,57200
2022-09-28,11.020000457763672,11.5,10.960000038146973,11.40999984741211,9.891426086425781,68500
2022-09-29,11.369999885559082,11.369999885559082,10.760000228881836,10.9399995803833,9.483977317810059,46500
2022-09-30,10.979999542236328,10.979999542236328,10.5,10.789999961853027,9.353941917419434,104900
2022-10-03,10.970000267028809,11.4399995803833,10.789999961853027,11.25,9.752720832824707,61500
2022-10-04,11.460000038146973,11.779999732971191,11.170000076293945,11.3100004196167,9.804733276367188,71600
2022-10-05,11.109999656677246,11.149999618530273,10.619999885559082,10.649999618530273,9.232575416564941,32000
2022-10-06,10.609999656677246,10.779999732971191,10.420000076293945,10.5,9.1025390625,61100
2022-10-07,10.569999694824219,10.789999961853027,10.260000228881836,10.270000457763672,8.90315055847168,41900
2022-10-10,10.449999809265137,10.5600004196167,10.229999542236328,10.479999542236328,9.08520221710205,28700
2022-10-11,10.479999542236328,10.9399995803833,10.479999542236328,10.699999809265137,9.275919914245605,32500
2022-10-12,10.649999618530273,10.739999771118164,10.510000228881836,10.6899995803833,9.267251968383789,21700
2022-10-13,10.670000076293945,11.329999923706055,10.579999923706055,11.15999984741211,9.674698829650879,47100
2022-10-14,11.319999694824219,11.319999694824219,10.850000381469727,10.949999809265137,9.492647171020508,41400
2022-10-17,11.229999542236328,11.239999771118164,10.949999809265137,11.210000038146973,9.718043327331543,43700
2022-10-18,11.359999656677246,11.600000381469727,11.199999809265137,11.260000228881836,9.761387825012207,61800
2022-10-19,11.170000076293945,11.239999771118164,10.710000038146973,11.029999732971191,9.56200122833252,37000
2022-10-20,11.020000457763672,11.220000267028809,10.800000190734863,10.899999618530273,9.449301719665527,55600
2022-10-21,11.020000457763672,11.289999961853027,10.880000114440918,11.199999809265137,9.709373474121094,31000
2022-10-24,11.260000228881836,11.289999961853027,11.0,11.130000114440918,9.648691177368164,31000
2022-10-25,11.130000114440918,11.130000114440918,10.859999656677246,10.90999984741211,9.457972526550293,62300
2022-10-26,10.979999542236328,11.319999694824219,10.899999618530273,11.069999694824219,9.596675872802734,116500
2022-10-27,11.119999885559082,11.359999656677246,11.039999961853027,11.130000114440918,9.648691177368164,44200
2022-10-28,11.180000305175781,11.710000038146973,11.170000076293945,11.630000114440918,10.082143783569336,56800
2022-10-31,11.630000114440918,11.680000305175781,11.300000190734863,11.5,9.96944808959961,61300
2022-11-01,11.550000190734863,12.069999694824219,11.550000190734863,11.989999771118164,10.394232749938965,66600
2022-11-02,11.989999771118164,11.989999771118164,11.430000305175781,11.4399995803833,9.917431831359863,50500
2022-11-03,11.34000015258789,11.579999923706055,11.279999732971191,11.539999961853027,10.00412368774414,22400
2022-11-04,11.630000114440918,11.930000305175781,11.399999618530273,11.539999961853027,10.00412368774414,47900
2022-11-07,11.59000015258789,11.859999656677246,11.449999809265137,11.779999732971191,10.212181091308594,37000
2022-11-08,11.779999732971191,11.979999542236328,11.449999809265137,11.609999656677246,10.06480598449707,36400
2022-11-09,11.479999542236328,12.050000190734863,11.479999542236328,11.729999542236328,10.168834686279297,62400
2022-11-10,11.869999885559082,12.09000015258789,11.609999656677246,11.880000114440918,10.298872947692871,71100
2022-11-11,11.9399995803833,11.949999809265137,11.479999542236328,11.550000190734863,10.012791633605957,91500
2022-11-14,11.600000381469727,11.859999656677246,11.489999771118164,11.510000228881836,9.978116035461426,95300
2022-11-15,11.59000015258789,11.710000038146973,11.390000343322754,11.640000343322754,10.090813636779785,83000
2022-11-16,11.600000381469727,11.789999961853027,11.520000457763672,11.630000114440918,10.082143783569336,29900
2022-11-17,11.5,12.0,11.34000015258789,11.9399995803833,10.350886344909668,92100
2022-11-18,11.0,11.050000190734863,9.859999656677246,10.329999923706055,8.955163955688477,200800
2022-11-21,10.15999984741211,10.260000228881836,10.0,10.039999961853027,8.703763008117676,73300
2022-11-22,10.0,10.710000038146973,10.0,10.460000038146973,9.067862510681152,179300
2022-11-23,10.460000038146973,10.460000038146973,10.25,10.300000190734863,8.929156303405762,25500
2022-11-25,10.25,10.390000343322754,10.079999923706055,10.34000015258789,9.051714897155762,19700
2022-11-28,10.300000190734863,10.4399995803833,10.140000343322754,10.359999656677246,9.069221496582031,36400
2022-11-29,10.40999984741211,10.40999984741211,9.760000228881836,9.960000038146973,8.719060897827148,144500
2022-11-30,9.970000267028809,10.300000190734863,9.779999732971191,10.079999923706055,8.824109077453613,49900
2022-12-01,10.079999923706055,10.279999732971191,9.979999542236328,10.149999618530273,8.88538646697998,60700
2022-12-02,10.039999961853027,10.300000190734863,10.020000457763672,10.079999923706055,8.824109077453613,49700
2022-12-05,10.0600004196167,10.170000076293945,9.6899995803833,9.75,8.535223007202148,103700
2022-12-06,9.75,9.989999771118164,9.609999656677246,9.65999984741211,8.456439018249512,128200
2022-12-07,9.789999961853027,9.899999618530273,9.5600004196167,9.59000015258789,8.395160675048828,63900
2022-12-08,9.699999809265137,9.9399995803833,9.600000381469727,9.800000190734863,8.578993797302246,38700
2022-12-09,9.829999923706055,9.829999923706055,9.609999656677246,9.630000114440918,8.430173873901367,29900
2022-12-12,9.619999885559082,9.789999961853027,9.529999732971191,9.699999809265137,8.491451263427734,47100
2022-12-13,9.880000114440918,9.9399995803833,9.649999618530273,9.699999809265137,8.491451263427734,117000
2022-12-14,9.710000038146973,9.779999732971191,9.359999656677246,9.390000343322754,8.220076560974121,93800
2022-12-15,9.350000381469727,9.489999771118164,9.069999694824219,9.100000381469727,7.966208457946777,62600
2022-12-16,9.050000190734863,9.199999809265137,8.9399995803833,9.0600004196167,7.931190013885498,106700
2022-12-19,9.010000228881836,9.34000015258789,9.010000228881836,9.25,8.097517967224121,79400
2022-12-20,9.289999961853027,9.430000305175781,9.210000038146973,9.25,8.097517967224121,59400
2022-12-21,9.279999732971191,9.430000305175781,8.970000267028809,9.180000305175781,8.03624153137207,140700
2022-12-22,9.149999618530273,9.149999618530273,9.0,9.069999694824219,7.939947128295898,76500
2022-12-23,9.069999694824219,9.380000114440918,9.029999732971191,9.079999923706055,7.948702335357666,93200
2022-12-27,9.100000381469727,9.369999885559082,9.100000381469727,9.260000228881836,8.106274604797363,51100
2022-12-28,9.329999923706055,9.329999923706055,8.880000114440918,8.9399995803833,7.826143741607666,53600
2022-12-29,8.979999542236328,9.199999809265137,8.9399995803833,9.1899995803833,8.044994354248047,33500
2022-12-30,9.140000343322754,9.239999771118164,9.079999923706055,9.140000343322754,8.001224517822266,32700
2023-01-03,9.170000076293945,9.220000267028809,8.890000343322754,9.050000190734863,7.922436714172363,70800
2023-01-04,9.130000114440918,9.470000267028809,9.020000457763672,9.390000343322754,8.220076560974121,70100
2023-01-05,9.399999618530273,9.399999618530273,9.210000038146973,9.319999694824219,8.158797264099121,34000
2023-01-06,9.399999618530273,9.739999771118164,9.390000343322754,9.619999885559082,8.421420097351074,95800
2023-01-09,9.699999809265137,9.699999809265137,9.5,9.510000228881836,8.325124740600586,33000
2023-01-10,9.539999961853027,9.859999656677246,9.489999771118164,9.65999984741211,8.456439018249512,36200
2023-01-11,9.720000267028809,9.9399995803833,9.640000343322754,9.880000114440918,8.649027824401855,51500
2023-01-12,9.890000343322754,10.100000381469727,9.850000381469727,10.0600004196167,8.806600570678711,43200
2023-01-13,9.960000038146973,10.170000076293945,9.920000076293945,10.140000343322754,8.876632690429688,81800
2023-01-17,10.149999618530273,10.199999809265137,9.979999542236328,10.029999732971191,8.780339241027832,23600
2023-01-18,10.029999732971191,10.0600004196167,9.430000305175781,9.430000305175781,8.25509262084961,138700
2023-01-19,9.460000038146973,9.65999984741211,8.0,8.489999771118164,7.432211399078369,248600
2023-01-20,8.579999923706055,9.489999771118164,8.5600004196167,9.449999809265137,8.272600173950195,129900
2023-01-23,9.460000038146973,9.609999656677246,9.199999809265137,9.4399995803833,8.263846397399902,53700
2023-01-24,9.4399995803833,9.460000038146973,9.229999542236328,9.350000381469727,8.18505859375,53900
2023-01-25,9.4399995803833,9.6899995803833,9.260000228881836,9.569999694824219,8.37764835357666,48600
2023-01-26,9.609999656677246,9.630000114440918,9.449999809265137,9.619999885559082,8.421420097351074,44700
2023-01-27,9.729999542236328,9.890000343322754,9.510000228881836,9.75,8.535223007202148,58300
2023-01-30,9.75,9.800000190734863,9.5,9.579999923706055,8.38640308380127,55100
2023-01-31,9.5,9.930000305175781,9.5,9.930000305175781,8.69279670715332,74500
2023-02-01,9.949999809265137,10.149999618530273,9.75,10.09000015258789,8.832862854003906,70800
2023-02-02,10.029999732971191,10.210000038146973,9.819999694824219,10.130000114440918,8.867878913879395,111800
2023-02-03,10.039999961853027,10.15999984741211,9.670000076293945,10.0,8.754075050354004,73500
2023-02-06,10.0,10.229999542236328,9.930000305175781,10.140000343322754,8.876632690429688,45200
2023-02-07,10.039999961853027,10.420000076293945,9.949999809265137,10.319999694824219,9.03420639038086,55600
2023-02-08,10.380000114440918,10.399999618530273,10.130000114440918,10.289999961853027,9.007943153381348,28300
2023-02-09,10.359999656677246,10.430000305175781,10.300000190734863,10.359999656677246,9.069221496582031,36900
2023-02-10,10.289999961853027,10.359999656677246,10.140000343322754,10.270000457763672,8.990436553955078,41400
2023-02-13,10.3100004196167,10.359999656677246,9.989999771118164,10.029999732971191,8.780339241027832,124600
2023-02-14,9.960000038146973,10.130000114440918,9.930000305175781,10.010000228881836,8.762829780578613,26400
2023-02-15,9.9399995803833,10.359999656677246,9.899999618530273,10.329999923706055,9.042960166931152,23800
2023-02-16,10.1899995803833,10.369999885559082,10.069999694824219,10.15999984741211,8.894142150878906,26900
2023-02-17,10.220000267028809,10.449999809265137,10.130000114440918,10.420000076293945,9.121747016906738,34700
2023-02-21,10.390000343322754,10.5,10.119999885559082,10.34000015258789,9.051714897155762,63200
2023-02-22,10.350000381469727,11.069999694824219,10.050000190734863,10.90999984741211,9.550698280334473,107700
2023-02-23,10.930000305175781,11.130000114440918,10.8100004196167,11.130000114440918,9.7432861328125,81500
2023-02-24,10.880000114440918,11.1899995803833,10.649999618530273,11.0,9.716785430908203,79900
2023-02-27,11.069999694824219,11.069999694824219,10.789999961853027,10.930000305175781,9.654953002929688,62200
2023-02-28,10.84000015258789,11.0600004196167,10.699999809265137,10.979999542236328,9.699118614196777,148700
2023-03-01,10.880000114440918,10.960000038146973,10.729999542236328,10.84000015258789,9.575451850891113,121700
2023-03-02,10.859999656677246,11.029999732971191,10.779999732971191,11.0,9.716785430908203,93900
2023-03-03,11.100000381469727,11.170000076293945,10.869999885559082,11.15999984741211,9.858120918273926,91700
2023-03-06,11.149999618530273,11.180000305175781,10.779999732971191,10.869999885559082,9.601950645446777,151800
2023-03-07,10.899999618530273,10.920000076293945,10.670000076293945,10.869999885559082,9.601950645446777,59400
2023-03-08,10.819999694824219,11.149999618530273,10.75,11.140000343322754,9.840453147888184,43600
2023-03-09,11.180000305175781,11.220000267028809,10.880000114440918,11.0,9.716785430908203,77600
2023-03-10,10.989999771118164,11.069999694824219,10.770000457763672,11.0,9.716785430908203,51600
2023-03-13,10.84000015258789,10.920000076293945,10.399999618530273,10.449999809265137,9.230945587158203,81000
2023-03-14,10.649999618530273,10.800000190734863,10.369999885559082,10.489999771118164,9.266280174255371,93600
2023-03-15,10.319999694824219,10.84000015258789,10.220000267028809,10.789999961853027,9.531283378601074,44100
2023-03-16,10.720000267028809,10.9399995803833,10.630000114440918,10.8100004196167,9.548951148986816,58500
2023-03-17,10.819999694824219,10.930000305175781,10.65999984741211,10.779999732971191,9.52245044708252,73000
2023-03-20,10.890000343322754,11.119999885559082,10.770000457763672,11.020000457763672,9.734453201293945,78900
2023-03-21,11.15999984741211,11.25,10.920000076293945,10.989999771118164,9.707950592041016,111800
2023-03-22,11.029999732971191,11.149999618530273,10.760000228881836,10.760000228881836,9.504782676696777,50600
2023-03-23,10.850000381469727,10.869999885559082,10.59000015258789,10.649999618530273,9.407615661621094,33200
2023-03-24,10.600000381469727,10.899999618530273,10.600000381469727,10.779999732971191,9.52245044708252,27600
2023-03-27,10.90999984741211,11.149999618530273,10.850000381469727,11.119999885559082,9.822785377502441,30400
2023-03-28,11.079999923706055,11.180000305175781,11.020000457763672,11.109999656677246,9.81395435333252,27200
2023-03-29,11.140000343322754,11.420000076293945,11.140000343322754,11.359999656677246,10.034788131713867,37000
2023-03-30,11.359999656677246,11.579999923706055,11.329999923706055,11.520000457763672,10.176125526428223,56700
2023-03-31,11.600000381469727,11.850000381469727,11.59000015258789,11.75,10.379294395446777,54500
2023-04-03,11.789999961853027,11.800000190734863,11.380000114440918,11.5,10.158459663391113,45400
2023-04-04,11.59000015258789,11.59000015258789,11.3100004196167,11.390000343322754,10.061288833618164,21300
2023-04-05,11.260000228881836,11.399999618530273,10.90999984741211,11.050000190734863,9.760952949523926,65500
2023-04-06,11.029999732971191,11.09000015258789,10.829999923706055,10.949999809265137,9.672616958618164,20800
2023-04-10,10.930000305175781,11.100000381469727,10.899999618530273,11.0600004196167,9.76978588104248,32700
2023-04-11,11.119999885559082,11.260000228881836,10.869999885559082,11.170000076293945,9.866954803466797,18900
2023-04-12,11.1899995803833,11.1899995803833,10.619999885559082,10.65999984741211,9.416449546813965,33000
2023-04-13,10.710000038146973,11.15999984741211,10.699999809265137,11.039999961853027,9.752120018005371,37300
2023-04-14,11.0,11.020000457763672,10.850000381469727,10.989999771118164,9.707950592041016,31500
2023-04-17,10.90999984741211,11.079999923706055,10.829999923706055,11.0,9.716785430908203,22200
2023-04-18,11.079999923706055,11.079999923706055,10.789999961853027,10.829999923706055,9.566617965698242,31700
2023-04-19,10.800000190734863,11.050000190734863,10.5,10.529999732971191,9.301614761352539,29300
2023-04-20,10.5,10.800000190734863,10.5,10.670000076293945,9.425281524658203,29200
2023-04-21,10.789999961853027,11.140000343322754,10.770000457763672,11.09000015258789,9.796286582946777,31600
2023-04-24,10.979999542236328,11.180000305175781,10.979999542236328,11.130000114440918,9.831622123718262,31800
2023-04-25,11.15999984741211,11.390000343322754,11.010000228881836,11.069999694824219,9.778620719909668,52200
2023-04-26,10.970000267028809,11.220000267028809,10.930000305175781,10.960000038146973,9.681452751159668,30200
2023-04-27,11.050000190734863,11.130000114440918,10.5600004196167,10.630000114440918,9.389949798583984,35700
2023-04-28,10.699999809265137,10.960000038146973,10.699999809265137,10.789999961853027,9.531283378601074,37900
2023-05-01,10.710000038146973,10.880000114440918,10.449999809265137,10.479999542236328,9.2574462890625,23400
2023-05-02,10.529999732971191,10.800000190734863,10.460000038146973,10.779999732971191,9.52245044708252,42200
2023-05-03,10.779999732971191,10.949999809265137,10.479999542236328,10.5,9.275113105773926,40500
2023-05-04,10.579999923706055,10.579999923706055,9.949999809265137,10.170000076293945,8.983609199523926,72500
2023-05-05,10.460000038146973,11.789999961853027,10.40999984741211,11.720000267028809,10.35279369354248,75200
2023-05-08,11.8100004196167,11.880000114440918,10.979999542236328,10.979999542236328,9.699118614196777,34900
2023-05-09,10.869999885559082,11.09000015258789,10.6899995803833,10.930000305175781,9.654953002929688,151500
2023-05-10,10.680000305175781,11.390000343322754,10.680000305175781,11.239999771118164,9.928786277770996,53400
2023-05-11,11.180000305175781,11.3100004196167,10.869999885559082,11.020000457763672,9.734453201293945,28100
2023-05-12,11.010000228881836,11.210000038146973,10.880000114440918,10.989999771118164,9.707950592041016,14500
2023-05-15,11.0,11.319999694824219,10.920000076293945,11.210000038146973,9.902287483215332,47500
2023-05-16,11.0600004196167,11.380000114440918,11.0600004196167,11.229999542236328,9.91995620727539,29200
2023-05-17,11.270000457763672,11.6899995803833,11.149999618530273,11.640000343322754,10.282127380371094,31400
2023-05-18,11.729999542236328,11.729999542236328,11.430000305175781,11.680000305175781,10.317459106445312,43700
2023-05-19,11.75,11.789999961853027,11.579999923706055,11.680000305175781,10.317459106445312,21600
2023-05-22,11.680000305175781,11.680000305175781,11.380000114440918,11.5600004196167,10.211458206176758,21000
2023-05-23,11.5600004196167,11.6899995803833,11.430000305175781,11.5600004196167,10.211458206176758,26200
2023-05-24,11.6899995803833,11.829999923706055,11.489999771118164,11.729999542236328,10.361626625061035,34800
2023-05-25,11.670000076293945,11.779999732971191,11.460000038146973,11.619999885559082,10.264459609985352,23300
2023-05-26,11.5,11.5600004196167,11.239999771118164,11.550000190734863,10.291190147399902,31600
2023-05-30,11.449999809265137,11.5600004196167,11.100000381469727,11.420000076293945,10.175358772277832,51300
2023-05-31,11.399999618530273,11.460000038146973,10.680000305175781,11.050000190734863,9.845683097839355,107400
2023-06-01,11.050000190734863,11.050000190734863,10.390000343322754,10.460000038146973,9.319986343383789,50000
2023-06-02,10.630000114440918,10.8100004196167,10.5,10.579999923706055,9.426908493041992,43100
2023-06-05,10.5600004196167,10.920000076293945,10.5,10.699999809265137,9.533828735351562,22800
2023-06-06,10.699999809265137,11.1899995803833,10.699999809265137,11.069999694824219,9.863504409790039,33400
2023-06-07,10.890000343322754,11.59000015258789,10.890000343322754,11.510000228881836,10.255547523498535,55500
2023-06-08,11.479999542236328,11.539999961853027,11.399999618530273,11.449999809265137,10.20208740234375,18000
2023-06-09,11.329999923706055,11.390000343322754,11.0,11.09000015258789,9.88132381439209,29800
2023-06-12,11.180000305175781,11.619999885559082,11.15999984741211,11.420000076293945,10.175358772277832,32800
2023-06-13,11.510000228881836,11.779999732971191,11.399999618530273,11.720000267028809,10.44266128540039,24400
2023-06-14,11.800000190734863,12.029999732971191,11.470000267028809,11.760000228881836,10.478302001953125,51100
2023-06-15,11.59000015258789,11.989999771118164,11.59000015258789,11.920000076293945,10.620863914489746,34500
2023-06-16,12.0600004196167,12.109999656677246,11.619999885559082,11.800000190734863,10.513943672180176,71800
2023-06-20,11.779999732971191,12.039999961853027,11.4399995803833,11.850000381469727,10.558493614196777,37600
2023-06-21,11.880000114440918,11.979999542236328,11.520000457763672,11.789999961853027,10.505033493041992,22300
2023-06-22,11.829999923706055,11.960000038146973,11.8100004196167,11.949999809265137,10.647594451904297,23700
2023-06-23,11.859999656677246,12.239999771118164,11.859999656677246,12.109999656677246,10.790156364440918,306900
2023-06-26,12.079999923706055,12.239999771118164,11.989999771118164,12.020000457763672,10.709964752197266,18900
2023-06-27,12.100000381469727,12.140000343322754,11.90999984741211,11.989999771118164,10.683234214782715,25400
2023-06-28,11.920000076293945,11.989999771118164,11.640000343322754,11.680000305175781,10.407020568847656,24200
2023-06-29,11.729999542236328,12.149999618530273,11.729999542236328,12.100000381469727,10.781246185302734,32700
2023-06-30,12.15999984741211,12.479999542236328,12.140000343322754,12.260000228881836,10.923808097839355,49500
2023-07-03,12.390000343322754,12.489999771118164,12.170000076293945,12.220000267028809,10.888168334960938,15300
2023-07-05,12.260000228881836,12.630000114440918,12.260000228881836,12.449999809265137,11.093098640441895,22400
2023-07-06,12.359999656677246,12.4399995803833,12.109999656677246,12.1899995803833,10.861435890197754,27400
2023-07-07,12.270000457763672,12.5,12.180000305175781,12.399999618530273,11.04854965209961,80700
2023-07-10,12.460000038146973,12.569999694824219,12.260000228881836,12.359999656677246,11.012908935546875,16700
2023-07-11,12.460000038146973,12.779999732971191,12.420000076293945,12.670000076293945,11.289124488830566,27300
2023-07-12,12.770000457763672,12.779999732971191,12.300000190734863,12.430000305175781,11.075279235839844,30500
2023-07-13,12.4399995803833,12.699999809265137,12.369999885559082,12.550000190734863,11.182202339172363,15200
2023-07-14,12.630000114440918,12.789999961853027,12.300000190734863,12.350000381469727,11.003997802734375,25200
2023-07-17,12.229999542236328,12.5600004196167,12.149999618530273,12.25,10.914897918701172,75000
2023-07-18,12.350000381469727,12.649999618530273,12.350000381469727,12.609999656677246,11.235663414001465,21700
2023-07-19,12.600000381469727,13.010000228881836,12.600000381469727,12.979999542236328,11.56533432006836,26000
2023-07-20,12.949999809265137,13.119999885559082,12.930000305175781,12.979999542236328,11.56533432006836,28500
2023-07-21,13.069999694824219,13.069999694824219,12.460000038146973,12.550000190734863,11.182202339172363,26100
2023-07-24,12.510000228881836,12.819999694824219,12.470000267028809,12.720000267028809,11.333673477172852,28400
2023-07-25,12.65999984741211,12.859999656677246,12.470000267028809,12.529999732971191,11.164381980895996,15700
2023-07-26,12.5,12.770000457763672,12.5,12.699999809265137,11.315852165222168,12800
2023-07-27,12.680000305175781,12.850000381469727,12.239999771118164,12.369999885559082,11.021820068359375,20600
2023-07-28,12.4399995803833,12.5,12.1899995803833,12.350000381469727,11.003997802734375,15900
2023-07-31,12.399999618530273,12.529999732971191,12.220000267028809,12.449999809265137,11.093098640441895,36300
2023-08-01,12.40999984741211,12.460000038146973,12.289999961853027,12.369999885559082,11.021820068359375,19700
2023-08-02,12.279999732971191,12.460000038146973,12.220000267028809,12.3100004196167,10.968358993530273,22400
2023-08-03,12.539999961853027,12.539999961853027,11.989999771118164,12.239999771118164,10.905986785888672,13200
2023-08-04,13.4399995803833,13.4399995803833,12.609999656677246,13.029999732971191,11.609886169433594,45700
2023-08-07,13.210000038146973,13.59000015258789,12.819999694824219,12.869999885559082,11.467326164245605,41700
2023-08-08,12.770000457763672,13.010000228881836,12.579999923706055,12.960000038146973,11.547515869140625,28600
2023-08-09,13.100000381469727,13.170000076293945,12.800000190734863,12.90999984741211,11.502965927124023,36600
2023-08-10,13.0,13.1899995803833,12.930000305175781,13.119999885559082,11.690079689025879,20900
2023-08-11,13.15999984741211,13.289999961853027,13.119999885559082,13.210000038146973,11.770268440246582,18600
2023-08-14,13.25,13.390000343322754,12.960000038146973,13.149999618530273,11.716809272766113,41700
2023-08-15,13.029999732971191,13.25,12.850000381469727,12.970000267028809,11.556427001953125,15500
2023-08-16,13.029999732971191,13.149999618530273,12.84000015258789,13.0,11.58315658569336,18500
2023-08-17,13.069999694824219,13.09000015258789,12.869999885559082,12.960000038146973,11.547515869140625,12300
2023-08-18,12.829999923706055,13.260000228881836,12.75,12.949999809265137,11.538605690002441,66500
2023-08-21,13.039999961853027,13.800000190734863,13.010000228881836,13.739999771118164,12.242506980895996,39600
2023-08-22,13.720000267028809,13.720000267028809,13.0600004196167,13.09000015258789,11.663347244262695,34100
2023-08-23,13.100000381469727,13.5,12.949999809265137,13.0,11.58315658569336,18500
2023-08-24,13.0,13.229999542236328,12.630000114440918,12.850000381469727,11.449507713317871,25400
2023-08-25,12.789999961853027,12.850000381469727,12.59000015258789,12.75,11.449506759643555,15800
2023-08-28,12.6899995803833,13.020000457763672,12.6899995803833,12.869999885559082,11.55726432800293,18300
2023-08-29,12.869999885559082,13.130000114440918,12.739999771118164,12.75,11.449506759643555,20900
2023-08-30,12.800000190734863,12.949999809265137,12.40999984741211,12.649999618530273,11.35970401763916,37200
2023-08-31,12.6899995803833,12.829999923706055,12.5,12.609999656677246,11.323784828186035,38000
2023-09-01,12.619999885559082,12.8100004196167,12.229999542236328,12.449999809265137,11.180103302001953,31000
2023-09-05,12.319999694824219,12.449999809265137,11.850000381469727,12.239999771118164,10.991524696350098,30600
2023-09-06,12.350000381469727,13.079999923706055,12.350000381469727,12.949999809265137,11.629105567932129,58400
2023-09-07,13.079999923706055,13.079999923706055,12.359999656677246,12.600000381469727,11.31480598449707,126100
2023-09-08,12.600000381469727,12.989999771118164,12.600000381469727,12.90999984741211,11.593185424804688,59700
2023-09-11,13.079999923706055,13.630000114440918,12.760000228881836,13.430000305175781,12.060145378112793,44200
2023-09-12,13.40999984741211,13.40999984741211,12.649999618530273,12.729999542236328,11.43154525756836,45000
2023-09-13,12.760000228881836,12.949999809265137,12.640000343322754,12.760000228881836,11.45848560333252,33500
2023-09-14,12.75,13.09000015258789,12.75,12.979999542236328,11.656044006347656,39400
2023-09-15,12.930000305175781,13.130000114440918,12.800000190734863,13.010000228881836,11.682987213134766,78700
2023-09-18,13.069999694824219,13.069999694824219,12.65999984741211,12.930000305175781,11.61114501953125,16100
2023-09-19,12.800000190734863,13.069999694824219,12.800000190734863,12.949999809265137,11.629105567932129,20300
2023-09-20,13.0600004196167,13.09000015258789,12.90999984741211,12.960000038146973,11.63808536529541,16400
2023-09-21,12.880000114440918,13.069999694824219,12.880000114440918,12.880000114440918,11.566246032714844,15000
2023-09-22,12.84000015258789,12.920000076293945,12.729999542236328,12.770000457763672,11.467466354370117,19400
2023-09-25,12.760000228881836,12.930000305175781,12.5600004196167,12.819999694824219,11.512365341186523,23600
2023-09-26,12.779999732971191,12.949999809265137,12.6899995803833,12.779999732971191,11.476444244384766,22400
2023-09-27,12.880000114440918,12.890000343322754,12.550000190734863,12.619999885559082,11.332763671875,24800
2023-09-28,12.600000381469727,12.84000015258789,12.520000457763672,12.65999984741211,11.368685722351074,23500
2023-09-29,12.789999961853027,12.930000305175781,12.539999961853027,12.90999984741211,11.593185424804688,40100
2023-10-02,12.90999984741211,13.149999618530273,12.720000267028809,13.020000457763672,11.69196605682373,36000
2023-10-03,13.039999961853027,13.140000343322754,12.5,12.520000457763672,11.242964744567871,27100
2023-10-04,12.449999809265137,12.899999618530273,12.399999618530273,12.84000015258789,11.53032398223877,22400
2023-10-05,12.779999732971191,13.5,12.6899995803833,13.40999984741211,12.042184829711914,43500
2023-10-06,13.34000015258789,13.479999542236328,13.210000038146973,13.270000457763672,11.91646671295166,43500
2023-10-09,13.25,13.460000038146973,12.6899995803833,13.260000228881836,11.907485008239746,35200
2023-10-10,13.260000228881836,13.5600004196167,13.260000228881836,13.34000015258789,11.979325294494629,33500
2023-10-11,13.359999656677246,13.359999656677246,13.079999923706055,13.170000076293945,11.826665878295898,21700
2023-10-12,13.079999923706055,13.119999885559082,12.770000457763672,12.930000305175781,11.61114501953125,29500
2023-10-13,12.890000343322754,13.020000457763672,12.789999961853027,12.949999809265137,11.629105567932129,15000
2023-10-16,12.899999618530273,13.199999809265137,12.880000114440918,13.029999732971191,11.700944900512695,25400
2023-10-17,13.010000228881836,13.390000343322754,13.010000228881836,13.0600004196167,11.727884292602539,18300
2023-10-18,13.180000305175781,13.180000305175781,12.880000114440918,13.020000457763672,11.69196605682373,16800
2023-10-19,12.989999771118164,12.989999771118164,12.789999961853027,12.819999694824219,11.512365341186523,8700
2023-10-20,12.920000076293945,13.079999923706055,12.729999542236328,12.960000038146973,11.63808536529541,29800
2023-10-23,12.640000343322754,12.880000114440918,12.470000267028809,12.520000457763672,11.242964744567871,35400
2023-10-24,12.710000038146973,12.710000038146973,12.279999732971191,12.380000114440918,11.117243766784668,31900
2023-10-25,12.260000228881836,12.479999542236328,12.260000228881836,12.420000076293945,11.15316390991211,18000
2023-10-26,12.329999923706055,12.550000190734863,12.199999809265137,12.460000038146973,11.189085960388184,14700
2023-10-27,12.289999961853027,12.5,12.180000305175781,12.350000381469727,11.090303421020508,18300
2023-10-30,12.0,12.40999984741211,11.930000305175781,12.079999923706055,10.847844123840332,58400
2023-10-31,12.079999923706055,12.600000381469727,12.079999923706055,12.569999694824219,11.287864685058594,23500
2023-11-01,12.569999694824219,12.789999961853027,12.5,12.640000343322754,11.350725173950195,22400
2023-11-02,12.789999961853027,13.109999656677246,12.510000228881836,13.039999961853027,11.709925651550293,22400
2023-11-03,13.229999542236328,13.229999542236328,13.039999961853027,13.149999618530273,11.808706283569336,18300
2023-11-06,13.0600004196167,13.229999542236328,12.630000114440918,13.0,11.674004554748535,29200
2023-11-07,12.890000343322754,13.149999618530273,12.859999656677246,12.960000038146973,11.63808536529541,23100
2023-11-08,13.050000190734863,13.069999694824219,12.770000457763672,12.84000015258789,11.53032398223877,20700
2023-11-09,12.960000038146973,12.970000267028809,12.359999656677246,12.569999694824219,11.287864685058594,21100
2023-11-10,12.539999961853027,12.699999809265137,12.369999885559082,12.5,11.225004196166992,29000
2023-11-13,12.5,13.279999732971191,12.5,13.140000343322754,11.799724578857422,44000
2023-11-14,13.1899995803833,13.420000076293945,13.0,13.369999885559082,12.006265640258789,36200
2023-11-15,13.239999771118164,13.4399995803833,13.039999961853027,13.050000190734863,11.71890640258789,37900
2023-11-16,12.8100004196167,13.260000228881836,12.539999961853027,12.800000190734863,11.494406700134277,32500
2023-11-17,13.569999694824219,15.989999771118164,13.569999694824219,15.670000076293945,14.071666717529297,247800
2023-11-20,15.800000190734863,17.489999771118164,15.800000190734863,16.940000534057617,15.212128639221191,175900
2023-11-21,16.940000534057617,17.09000015258789,16.43000030517578,16.780000686645508,15.068446159362793,60900
2023-11-22,17.0,17.270000457763672,16.799999237060547,17.209999084472656,15.45458698272705,69300
2023-11-24,16.1200008392334,17.170000076293945,16.1200008392334,16.969999313354492,16.27959632873535,66900
2023-11-27,17.200000762939453,17.3799991607666,16.65999984741211,17.0,16.30837631225586,68300
2023-11-28,16.860000610351562,16.959999084472656,16.510000228881836,16.8799991607666,16.19325828552246,105400
2023-11-29,17.010000228881836,17.149999618530273,16.25,17.030000686645508,16.337156295776367,37700
2023-11-30,16.90999984741211,16.90999984741211,15.199999809265137,15.6899995803833,15.05167293548584,107200
2023-12-01,15.9399995803833,16.350000381469727,15.770000457763672,16.290000915527344,15.627265930175781,56300
2023-12-04,16.06999969482422,17.06999969482422,16.06999969482422,16.65999984741211,15.982210159301758,73100
2023-12-05,16.600000381469727,16.920000076293945,16.350000381469727,16.520000457763672,15.847907066345215,45400
2023-12-06,16.649999618530273,16.850000381469727,16.5,16.56999969482422,15.8958740234375,40600
2023-12-07,16.559999465942383,16.829999923706055,16.360000610351562,16.799999237060547,16.116514205932617,63600
2023-12-08,16.8700008392334,16.8700008392334,16.3700008392334,16.639999389648438,15.963024139404297,61900
2023-12-11,16.670000076293945,16.670000076293945,16.06999969482422,16.3700008392334,15.704010963439941,55600
2023-12-12,16.459999084472656,16.5,15.90999984741211,16.0,15.349061965942383,44000
2023-12-13,16.1200008392334,16.489999771118164,15.630000114440918,16.100000381469727,15.444993019104004,163400
2023-12-14,16.329999923706055,16.850000381469727,16.31999969482422,16.600000381469727,15.924649238586426,85600
2023-12-15,16.68000030517578,16.68000030517578,15.869999885559082,16.309999465942383,15.646448135375977,130000
2023-12-18,16.350000381469727,16.770000457763672,16.15999984741211,16.75,16.068553924560547,69200
2023-12-19,16.81999969482422,16.81999969482422,16.329999923706055,16.719999313354492,16.039766311645508,79300
2023-12-20,16.719999313354492,17.110000610351562,16.43000030517578,16.5,15.828721046447754,65700
2023-12-21,16.65999984741211,16.65999984741211,16.299999237060547,16.450000762939453,15.780755043029785,41300
2023-12-22,16.56999969482422,16.68000030517578,16.260000228881836,16.31999969482422,15.656042098999023,44700
2023-12-26,16.31999969482422,16.709999084472656,16.31999969482422,16.670000076293945,15.99180793762207,26100
2023-12-27,16.770000457763672,16.780000686645508,16.579999923706055,16.639999389648438,15.963024139404297,28000
2023-12-28,16.459999084472656,16.59000015258789,16.1200008392334,16.18000030517578,15.521738052368164,34800
2023-12-29,16.0,16.25,15.520000457763672,16.0,15.349061965942383,31700
2024-01-02,15.75,16.40999984741211,15.5,16.34000015258789,15.67523193359375,51600
2024-01-03,16.34000015258789,16.600000381469727,16.1299991607666,16.15999984741211,15.50255298614502,38000
2024-01-04,16.309999465942383,16.31999969482422,15.789999961853027,15.920000076293945,15.272315979003906,43900
2024-01-05,15.850000381469727,16.229999542236328,15.779999732971191,15.859999656677246,15.214756965637207,43800
2024-01-08,15.8100004196167,16.030000686645508,15.520000457763672,15.989999771118164,15.339468955993652,40600
2024-01-09,15.989999771118164,15.989999771118164,15.670000076293945,15.699999809265137,15.061267852783203,23400
2024-01-10,15.609999656677246,15.899999618530273,15.300000190734863,15.569999694824219,14.936556816101074,45500
2024-01-11,15.630000114440918,15.630000114440918,15.3100004196167,15.479999542236328,14.85021686553955,21800
2024-01-12,15.640000343322754,15.640000343322754,15.350000381469727,15.600000381469727,14.965335845947266,33200
2024-01-16,15.600000381469727,15.869999885559082,15.4399995803833,15.5,14.869402885437012,34200
2024-01-17,15.300000190734863,15.460000038146973,15.180000305175781,15.3100004196167,14.687134742736816,41000
2024-01-18,15.270000457763672,15.300000190734863,14.979999542236328,15.220000267028809,14.60079574584961,33600
2024-01-19,15.25,15.4399995803833,15.050000190734863,15.260000228881836,14.639167785644531,41200
2024-01-22,15.3100004196167,16.280000686645508,15.3100004196167,16.25,15.588891983032227,71000
2024-01-23,16.40999984741211,16.489999771118164,15.8100004196167,15.859999656677246,15.214756965637207,42400
2024-01-24,16.059999465942383,16.059999465942383,15.539999961853027,15.569999694824219,14.936556816101074,42300
2024-01-25,15.84000015258789,15.84000015258789,15.529999732971191,15.789999961853027,15.147605895996094,40400
2024-01-26,15.880000114440918,15.890000343322754,15.34000015258789,15.390000343322754,14.763880729675293,33000
2024-01-29,15.470000267028809,15.770000457763672,15.359999656677246,15.640000343322754,15.003708839416504,87100
2024-01-30,15.670000076293945,15.670000076293945,15.449999809265137,15.489999771118164,14.859809875488281,37200
2024-01-31,15.5600004196167,15.5600004196167,14.930000305175781,14.949999809265137,14.341779708862305,59000
2024-02-01,15.079999923706055,15.1899995803833,14.869999885559082,14.930000305175781,14.322593688964844,71300
2024-02-02,14.869999885559082,15.380000114440918,14.869999885559082,15.069999694824219,14.456897735595703,50600
2024-02-05,15.020000457763672,15.319999694824219,14.640000343322754,14.65999984741211,14.063578605651855,81800
2024-02-06,14.699999809265137,14.859999656677246,14.489999771118164,14.600000381469727,14.00601863861084,60200
2024-02-07,14.550000190734863,14.630000114440918,14.3100004196167,14.489999771118164,13.900494575500488,49700
2024-02-08,14.569999694824219,14.989999771118164,14.5600004196167,14.8100004196167,14.207475662231445,53300
2024-02-09,15.670000076293945,17.75,15.670000076293945,17.149999618530273,16.452274322509766,206200
2024-02-12,17.149999618530273,17.149999618530273,15.59000015258789,15.600000381469727,14.965335845947266,148100
2024-02-13,15.239999771118164,15.390000343322754,14.779999732971191,15.079999923706055,14.466490745544434,112700
2024-02-14,15.119999885559082,15.40999984741211,15.020000457763672,15.3100004196167,14.687134742736816,49600
2024-02-15,15.329999923706055,15.430000305175781,15.079999923706055,15.210000038146973,14.591201782226562,61900
2024-02-16,15.010000228881836,15.3100004196167,14.770000457763672,14.859999656677246,14.255440711975098,58900
2024-02-20,14.880000114440918,15.3100004196167,14.8100004196167,14.979999542236328,14.370558738708496,98800
2024-02-21,14.979999542236328,15.039999961853027,14.8100004196167,15.010000228881836,14.399338722229004,64400
2024-02-22,14.9399995803833,15.0,14.699999809265137,14.829999923706055,14.226661682128906,32400
2024-02-23,14.800000190734863,15.390000343322754,14.779999732971191,15.3100004196167,14.687134742736816,51300
2024-02-26,15.199999809265137,15.859999656677246,15.199999809265137,15.770000457763672,15.128418922424316,64400
2024-02-27,16.0,16.229999542236328,15.739999771118164,15.770000457763672,15.128418922424316,40500
2024-02-28,15.699999809265137,16.149999618530273,15.079999923706055,15.899999618530273,15.253129005432129,133800
2024-02-29,16.200000762939453,16.829999923706055,16.139999389648438,16.56999969482422,15.8958740234375,79500
2024-03-01,16.600000381469727,16.600000381469727,16.020000457763672,16.489999771118164,15.915176391601562,60800
2024-03-04,16.510000228881836,16.799999237060547,16.229999542236328,16.25,15.683541297912598,69600
2024-03-05,16.25,16.469999313354492,16.149999618530273,16.149999618530273,15.587028503417969,32500
2024-03-06,16.31999969482422,16.31999969482422,16.040000915527344,16.059999465942383,15.500164031982422,31800
2024-03-07,16.219999313354492,16.709999084472656,16.149999618530273,16.549999237060547,15.973082542419434,53700
2024-03-08,16.559999465942383,17.059999465942383,16.549999237060547,17.059999465942383,16.46530532836914,71600
2024-03-11,17.139999389648438,17.65999984741211,16.940000534057617,17.639999389648438,17.02508544921875,87900
2024-03-12,17.600000381469727,18.06999969482422,17.56999969482422,18.020000457763672,17.3918399810791,75300
2024-03-13,17.959999084472656,18.040000915527344,17.6200008392334,17.969999313354492,17.343582153320312,58100
2024-03-14,18.010000228881836,18.1200008392334,17.510000228881836,17.649999618530273,17.034738540649414,52300
2024-03-15,17.579999923706055,18.0,17.579999923706055,17.8799991607666,17.2567195892334,81400
2024-03-18,17.850000381469727,17.899999618530273,16.959999084472656,17.030000686645508,16.436351776123047,126100
2024-03-19,16.889999389648438,17.079999923706055,16.600000381469727,16.780000686645508,16.195068359375,73400
2024-03-20,16.639999389648438,17.360000610351562,16.6299991607666,17.200000762939453,16.600427627563477,51300
2024-03-21,17.18000030517578,17.559999465942383,17.059999465942383,17.399999618530273,16.793453216552734,50200
2024-03-22,17.43000030517578,17.5,17.030000686645508,17.06999969482422,16.474958419799805,27400
2024-03-25,16.989999771118164,17.059999465942383,16.780000686645508,16.969999313354492,16.378440856933594,31900
2024-03-26,17.059999465942383,19.350000381469727,17.059999465942383,18.18000030517578,17.5462646484375,368200
2024-03-27,18.299999237060547,18.479999542236328,18.0,18.209999084472656,17.575218200683594,47900
2024-03-28,18.190000534057617,18.350000381469727,17.600000381469727,18.049999237060547,17.420795440673828,59400
2024-04-01,18.18000030517578,18.209999084472656,17.299999237060547,17.329999923706055,16.725893020629883,84500
2024-04-02,17.260000228881836,17.31999969482422,16.25,17.309999465942383,16.706592559814453,122300
2024-04-03,17.190000534057617,17.40999984741211,17.18000030517578,17.270000457763672,16.667987823486328,36500
2024-04-04,17.40999984741211,17.5,16.75,16.90999984741211,16.320533752441406,42600
2024-04-05,16.979999542236328,17.030000686645508,16.770000457763672,16.850000381469727,16.26262664794922,31900
2024-04-08,16.65999984741211,17.229999542236328,16.579999923706055,16.860000610351562,16.272275924682617,45300
2024-04-09,16.959999084472656,17.040000915527344,16.520000457763672,16.8799991607666,16.291580200195312,47900
2024-04-10,16.65999984741211,16.700000762939453,16.31999969482422,16.489999771118164,15.915176391601562,56400
2024-04-11,16.6200008392334,16.850000381469727,16.420000076293945,16.700000762939453,16.117856979370117,32300
2024-04-12,16.579999923706055,16.68000030517578,16.18000030517578,16.280000686645508,15.71249771118164,30300
2024-04-15,16.450000762939453,16.469999313354492,16.020000457763672,16.40999984741211,15.83796501159668,59000
2024-04-16,16.290000915527344,16.520000457763672,16.15999984741211,16.329999923706055,15.760751724243164,28700
2024-04-17,16.34000015258789,16.6200008392334,16.1200008392334,16.18000030517578,15.615982055664062,31200
2024-04-18,16.260000228881836,16.40999984741211,16.1200008392334,16.239999771118164,15.673890113830566,37800
2024-04-19,16.139999389648438,16.579999923706055,16.139999389648438,16.479999542236328,15.905522346496582,39000
2024-04-22,16.450000762939453,16.530000686645508,16.18000030517578,16.209999084472656,15.644937515258789,67400
2024-04-23,16.209999084472656,16.299999237060547,15.9399995803833,16.040000915527344,15.480862617492676,46400
2024-04-24,15.920000076293945,16.049999237060547,15.819999694824219,16.040000915527344,15.480862617492676,32700
2024-04-25,16.09000015258789,16.459999084472656,15.930000305175781,16.389999389648438,15.818662643432617,54300
2024-04-26,16.479999542236328,17.030000686645508,16.479999542236328,16.8799991607666,16.291580200195312,39500
2024-04-29,16.8799991607666,16.959999084472656,16.610000610351562,16.6299991607666,16.050296783447266,36300
2024-04-30,16.59000015258789,16.68000030517578,16.360000610351562,16.360000610351562,15.789708137512207,30900
2024-05-01,16.43000030517578,16.75,16.399999618530273,16.520000457763672,15.944129943847656,23100
2024-05-02,16.6200008392334,16.979999542236328,16.510000228881836,16.81999969482422,16.233671188354492,40300
2024-05-03,16.84000015258789,17.399999618530273,16.84000015258789,17.3799991607666,16.77414894104004,44700
2024-05-06,17.489999771118164,17.850000381469727,17.469999313354492,17.719999313354492,17.102298736572266,50600
2024-05-07,17.690000534057617,18.229999542236328,17.690000534057617,17.940000534057617,17.31463050842285,53500
2024-05-08,17.90999984741211,18.1299991607666,17.799999237060547,17.889999389648438,17.266372680664062,51700
2024-05-09,17.799999237060547,18.040000915527344,17.649999618530273,17.829999923706055,17.208465576171875,56600
2024-05-10,19.440000534057617,20.719999313354492,19.200000762939453,19.520000457763672,18.83955192565918,161300
2024-05-13,19.459999084472656,20.450000762939453,19.40999984741211,19.479999542236328,18.800947189331055,119600
2024-05-14,19.610000610351562,20.329999923706055,19.610000610351562,20.239999771118164,19.534454345703125,108200
2024-05-15,20.40999984741211,20.920000076293945,19.809999465942383,20.809999465942383,20.084583282470703,71300
2024-05-16,20.850000381469727,21.559999465942383,20.829999923706055,21.06999969482422,20.335521697998047,149400
2024-05-17,21.09000015258789,21.3700008392334,20.780000686645508,21.31999969482422,20.576805114746094,55700
2024-05-20,21.280000686645508,21.700000762939453,20.940000534057617,20.940000534057617,20.210054397583008,115700
2024-05-21,20.889999389648438,21.229999542236328,20.690000534057617,20.899999618530273,20.17144775390625,46300
2024-05-22,20.8700008392334,21.1200008392334,20.760000228881836,21.059999465942383,20.325870513916016,40800
2024-05-23,21.06999969482422,21.06999969482422,20.399999618530273,20.780000686645508,20.055631637573242,65900
2024-05-24,20.860000610351562,21.06999969482422,20.780000686645508,21.020000457763672,20.287263870239258,43500
2024-05-28,21.1299991607666,21.15999984741211,20.649999618530273,20.989999771118164,20.258312225341797,69100
2024-05-29,20.860000610351562,21.170000076293945,20.739999771118164,20.950000762939453,20.21970558166504,44100
2024-05-30,21.079999923706055,21.56999969482422,21.049999237060547,21.190000534057617,20.451337814331055,71300
2024-05-31,21.360000610351562,21.6299991607666,21.219999313354492,21.579999923706055,20.827743530273438,62600
2024-06-03,21.600000381469727,21.950000762939453,21.540000915527344,21.899999618530273,21.234989166259766,109800
2024-06-04,21.899999618530273,21.90999984741211,21.540000915527344,21.59000015258789,20.934406280517578,65400
2024-06-05,21.780000686645508,21.780000686645508,21.149999618530273,21.420000076293945,20.769567489624023,61700
2024-06-06,21.420000076293945,21.549999237060547,21.030000686645508,21.299999237060547,20.653207778930664,33400
2024-06-07,21.15999984741211,21.209999084472656,20.68000030517578,20.860000610351562,20.226573944091797,34000
2024-06-10,20.709999084472656,21.020000457763672,20.459999084472656,20.8799991607666,20.245960235595703,43400
2024-06-11,20.760000228881836,21.0,20.520000457763672,20.989999771118164,20.352624893188477,38300
2024-06-12,21.31999969482422,21.31999969482422,20.690000534057617,20.81999969482422,20.187786102294922,70000
2024-06-13,20.739999771118164,20.799999237060547,20.489999771118164,20.639999389648438,20.013248443603516,24200
2024-06-14,20.43000030517578,20.739999771118164,20.329999923706055,20.510000228881836,19.887197494506836,41100
2024-06-17,20.329999923706055,21.0,20.0,20.850000381469727,20.216875076293945,50800
2024-06-18,20.780000686645508,21.049999237060547,20.700000762939453,20.989999771118164,20.352624893188477,46800
2024-06-20,21.110000610351562,21.280000686645508,20.469999313354492,20.5,19.877498626708984,40300
2024-06-21,20.610000610351562,20.790000915527344,20.420000076293945,20.420000076293945,19.799930572509766,61000
2024-06-24,20.610000610351562,21.239999771118164,20.530000686645508,20.93000030517578,20.294445037841797,94600
2024-06-25,21.0,21.6299991607666,20.989999771118164,21.59000015258789,20.934406280517578,66900
2024-06-26,21.6200008392334,21.81999969482422,21.139999389648438,21.559999465942383,20.905315399169922,67000
2024-06-27,21.709999084472656,21.709999084472656,21.030000686645508,21.15999984741211,20.517459869384766,52000
2024-06-28,21.100000381469727,21.479999542236328,20.270000457763672,21.200000762939453,20.556243896484375,420600
2024-07-01,21.3700008392334,21.520000457763672,20.90999984741211,21.280000686645508,20.633817672729492,47800
2024-07-02,21.399999618530273,21.84000015258789,21.280000686645508,21.65999984741211,21.00227928161621,48500
2024-07-03,21.65999984741211,21.84000015258789,21.40999984741211,21.760000228881836,21.099241256713867,26900
2024-07-05,21.65999984741211,21.829999923706055,21.43000030517578,21.809999465942383,21.147720336914062,65200
2024-07-08,21.969999313354492,22.959999084472656,21.969999313354492,22.260000228881836,21.58405876159668,111900
2024-07-09,22.299999237060547,22.59000015258789,22.1299991607666,22.329999923706055,21.651931762695312,63500
2024-07-10,22.420000076293945,22.700000762939453,22.299999237060547,22.639999389648438,21.952516555786133,38100
2024-07-11,22.989999771118164,24.209999084472656,22.979999542236328,23.600000381469727,22.88336944580078,153600
2024-07-12,23.90999984741211,24.06999969482422,23.209999084472656,23.25,22.543996810913086,60100
2024-07-15,23.3700008392334,23.81999969482422,23.299999237060547,23.399999618530273,22.68943977355957,72800
2024-07-16,23.690000534057617,24.8700008392334,23.690000534057617,24.84000015258789,24.085716247558594,64300
2024-07-17,24.65999984741211,25.06999969482422,24.5,24.75,23.99844741821289,69000
2024-07-18,24.65999984741211,25.100000381469727,24.170000076293945,24.43000030517578,23.68816566467285,79600
2024-07-19,24.440000534057617,24.709999084472656,24.18000030517578,24.290000915527344,23.55241584777832,38300
2024-07-22,24.290000915527344,24.6200008392334,23.790000915527344,24.510000228881836,23.765735626220703,42500
2024-07-23,24.440000534057617,25.06999969482422,24.360000610351562,24.459999084472656,23.717252731323242,104700
2024-07-24,24.40999984741211,24.68000030517578,24.170000076293945,24.18000030517578,23.445758819580078,91500
2024-07-25,24.170000076293945,25.200000762939453,24.170000076293945,24.899999618530273,24.143892288208008,63800
2024-07-26,25.239999771118164,26.139999389648438,25.139999389648438,26.06999969482422,25.278364181518555,92200
2024-07-29,26.15999984741211,26.15999984741211,25.049999237060547,25.1299991607666,24.366910934448242,84100
2024-07-30,25.760000228881836,26.549999237060547,25.700000762939453,26.290000915527344,25.491683959960938,130900
2024-07-31,26.440000534057617,27.600000381469727,25.850000381469727,27.280000686645508,26.45162010192871,78400
2024-08-01,27.360000610351562,27.360000610351562,25.329999923706055,25.829999923706055,25.045650482177734,125300
2024-08-02,25.1200008392334,25.59000015258789,24.389999389648438,24.809999465942383,24.056623458862305,89800
2024-08-05,23.549999237060547,23.68000030517578,22.139999389648438,23.280000686645508,22.573083877563477,106600
2024-08-06,23.549999237060547,23.920000076293945,23.239999771118164,23.6200008392334,22.902761459350586,78700
2024-08-07,24.030000686645508,24.049999237060547,23.1299991607666,23.399999618530273,22.68943977355957,59400
2024-08-08,23.780000686645508,24.079999923706055,23.579999923706055,23.889999389648438,23.16455841064453,59300
2024-08-09,24.510000228881836,25.6299991607666,23.809999465942383,24.799999237060547,24.046926498413086,266800
2024-08-12,24.760000228881836,24.760000228881836,22.520000457763672,22.790000915527344,22.09796714782715,116000
2024-08-13,23.049999237060547,23.489999771118164,22.690000534057617,23.479999542236328,22.767009735107422,76900
2024-08-14,23.479999542236328,23.65999984741211,23.049999237060547,23.43000030517578,22.71853256225586,58600
2024-08-15,24.010000228881836,24.270000457763672,23.700000762939453,24.030000686645508,23.300312042236328,47400
2024-08-16,24.030000686645508,24.579999923706055,23.93000030517578,24.489999771118164,23.746337890625,89600
2024-08-19,24.479999542236328,24.940000534057617,24.450000762939453,24.790000915527344,24.037233352661133,83400
2024-08-20,24.8799991607666,24.889999389648438,24.459999084472656,24.68000030517578,23.930572509765625,64800
2024-08-21,24.989999771118164,24.989999771118164,24.239999771118164,24.700000762939453,23.949968338012695,55000
2024-08-22,24.760000228881836,24.84000015258789,24.420000076293945,24.559999465942383,23.8142147064209,68700
2024-08-23,24.959999084472656,25.280000686645508,24.549999237060547,25.229999542236328,24.463871002197266,86200
2024-08-26,25.43000030517578,25.530000686645508,24.8799991607666,25.110000610351562,24.347518920898438,49900
2024-08-27,25.079999923706055,25.809999465942383,24.959999084472656,25.600000381469727,24.8226375579834,51100
2024-08-28,25.56999969482422,25.979999542236328,24.8700008392334,25.809999465942383,25.026260375976562,63900
2024-08-29,25.93000030517578,26.020000457763672,25.209999084472656,26.010000228881836,25.220186233520508,83100
2024-08-30,26.100000381469727,26.639999389648438,26.030000686645508,26.6200008392334,25.811662673950195,39100
2024-09-03,26.780000686645508,26.780000686645508,25.889999389648438,26.1200008392334,25.422348022460938,66500
2024-09-04,25.940000534057617,26.530000686645508,25.690000534057617,26.309999465942383,25.607271194458008,43500
2024-09-05,26.360000610351562,28.309999465942383,26.309999465942383,27.469999313354492,26.736291885375977,190800
2024-09-06,27.469999313354492,27.719999313354492,26.110000610351562,26.389999389648438,25.685134887695312,69200
2024-09-09,26.549999237060547,26.889999389648438,26.200000762939453,26.31999969482422,25.61700439453125,64900
2024-09-10,26.329999923706055,26.940000534057617,26.059999465942383,26.899999618530273,26.181514739990234,55200
2024-09-11,26.899999618530273,27.270000457763672,26.420000076293945,27.270000457763672,26.54163360595703,58900
2024-09-12,27.520000457763672,28.1200008392334,27.360000610351562,27.93000030517578,27.184003829956055,60700
2024-09-13,28.059999465942383,29.360000610351562,28.059999465942383,28.6299991607666,27.865304946899414,88900
2024-09-16,28.780000686645508,29.489999771118164,28.770000457763672,29.299999237060547,28.51740837097168,59000
2024-09-17,29.709999084472656,29.739999771118164,28.93000030517578,29.329999923706055,28.546611785888672,63800
2024-09-18,29.520000457763672,30.31999969482422,29.06999969482422,29.290000915527344,28.507678985595703,166200
2024-09-19,29.809999465942383,29.899999618530273,28.959999084472656,29.25,28.468748092651367,92700
2024-09-20,28.989999771118164,29.100000381469727,28.309999465942383,28.309999465942383,27.55385398864746,228600
2024-09-23,28.309999465942383,28.719999313354492,27.989999771118164,28.670000076293945,27.904237747192383,110600
2024-09-24,28.600000381469727,28.950000762939453,27.760000228881836,27.760000228881836,27.018543243408203,76400
2024-09-25,27.540000915527344,28.299999237060547,27.309999465942383,28.200000762939453,27.446792602539062,97400
2024-09-26,28.43000030517578,28.84000015258789,27.579999923706055,27.579999923706055,26.843351364135742,65000
2024-09-27,28.229999542236328,28.469999313354492,27.6299991607666,27.93000030517578,27.184003829956055,68300
2024-09-30,27.979999542236328,29.75,27.979999542236328,29.690000534057617,28.896997451782227,213200
2024-10-01,29.600000381469727,29.760000228881836,28.81999969482422,29.440000534057617,28.653669357299805,174100
2024-10-02,28.75,28.809999465942383,25.899999618530273,26.510000228881836,25.801931381225586,197800
2024-10-03,26.09000015258789,26.520000457763672,24.989999771118164,25.59000015258789,24.90650177001953,152000
2024-10-04,26.280000686645508,26.639999389648438,25.899999618530273,26.040000915527344,25.344486236572266,77500
2024-10-07,25.889999389648438,25.93000030517578,25.1200008392334,25.549999237060547,24.867570877075195,84100
2024-10-08,25.739999771118164,26.329999923706055,25.540000915527344,26.25,25.548873901367188,69500
2024-10-09,26.40999984741211,26.670000076293945,26.1299991607666,26.43000030517578,25.724069595336914,59200
2024-10-10,26.06999969482422,26.389999389648438,25.6299991607666,25.950000762939453,25.25688934326172,53900
2024-10-11,26.040000915527344,26.68000030517578,26.040000915527344,26.670000076293945,25.95765495300293,46200
2024-10-14,26.559999465942383,26.559999465942383,25.8799991607666,26.079999923706055,25.383413314819336,63100
2024-10-15,26.139999389648438,27.389999389648438,26.139999389648438,26.829999923706055,26.11338233947754,88400
2024-10-16,27.059999465942383,27.219999313354492,26.889999389648438,27.049999237060547,26.327505111694336,54900
2024-10-17,27.3799991607666,28.040000915527344,27.1200008392334,27.760000228881836,27.018543243408203,62600
2024-10-18,27.75,27.889999389648438,27.100000381469727,27.34000015258789,26.609760284423828,46800
2024-10-21,27.610000610351562,27.81999969482422,26.799999237060547,26.8700008392334,26.152315139770508,89200
2024-10-22,26.950000762939453,26.950000762939453,26.420000076293945,26.6200008392334,25.908992767333984,72800
2024-10-23,26.5,26.6200008392334,26.309999465942383,26.540000915527344,25.831132888793945,68200
2024-10-24,26.59000015258789,26.780000686645508,26.329999923706055,26.690000534057617,25.977123260498047,58000
2024-10-25,26.860000610351562,27.079999923706055,26.559999465942383,26.579999923706055,25.870058059692383,36000
2024-10-28,26.489999771118164,27.309999465942383,26.489999771118164,27.200000762939453,26.47350311279297,66100
2024-10-29,27.030000686645508,27.579999923706055,26.920000076293945,27.579999923706055,26.843351364135742,40900
2024-10-30,27.479999542236328,27.899999618530273,27.239999771118164,27.280000686645508,26.551362991333008,42600
2024-10-31,27.350000381469727,27.6299991607666,27.139999389648438,27.3799991607666,26.648691177368164,43000
2024-11-01,27.030000686645508,27.479999542236328,26.68000030517578,27.34000015258789,26.609760284423828,80300
2024-11-04,27.31999969482422,27.559999465942383,27.049999237060547,27.450000762939453,26.71682357788086,85900
2024-11-05,27.450000762939453,30.809999465942383,27.450000762939453,30.56999969482422,29.753488540649414,155600
2024-11-06,31.549999237060547,33.709999084472656,31.549999237060547,32.77000045776367,31.894729614257812,178800
2024-11-07,32.869998931884766,33.880001068115234,32.310001373291016,33.22999954223633,32.34244155883789,105200
2024-11-08,33.290000915527344,33.79999923706055,33.060001373291016,33.790000915527344,32.887489318847656,102900
2024-11-11,34.02000045776367,34.7599983215332,33.63999938964844,33.88999938964844,32.98480987548828,102000
2024-11-12,33.720001220703125,34.7599983215332,33.720001220703125,34.16999816894531,33.2573356628418,114200
2024-11-13,34.5,34.650001525878906,33.43000030517578,33.52000045776367,32.62469482421875,76800
2024-11-14,33.689998626708984,33.689998626708984,32.7400016784668,32.79999923706055,31.923925399780273,50600
2024-11-15,32.5,33.2400016784668,32.34000015258789,32.84000015258789,31.962860107421875,78000
2024-11-18,32.97999954223633,33.459999084472656,32.93000030517578,32.93000030517578,32.05045700073242,64700
2024-11-19,32.869998931884766,34.5,32.459999084472656,34.470001220703125,33.549320220947266,149800
2024-11-20,34.4900016784668,35.0,33.56999969482422,34.779998779296875,33.851036071777344,162300
2024-11-21,34.77000045776367,36.279998779296875,34.70000076293945,36.25,35.281776428222656,122800
2024-11-22,38.22999954223633,45.61000061035156,37.560001373291016,45.599998474121094,44.38204574584961,405000
2024-11-25,45.880001068115234,47.31999969482422,42.709999084472656,46.97999954223633,45.72518539428711,241000
2024-11-26,46.869998931884766,47.290000915527344,44.31999969482422,46.56999969482422,45.326133728027344,172200
2024-11-27,47.0,47.56999969482422,46.09000015258789,46.209999084472656,44.97575378417969,108300
2024-11-29,46.459999084472656,47.529998779296875,45.93000030517578,47.04999923706055,45.7933235168457,61000
2024-12-02,46.970001220703125,46.970001220703125,45.0,45.869998931884766,44.758995056152344,103700
2024-12-03,45.45000076293945,45.880001068115234,43.72999954223633,44.5,43.42216873168945,145600
2024-12-04,44.439998626708984,46.5099983215332,44.439998626708984,45.29999923706055,44.20279312133789,112200
2024-12-05,45.06999969482422,45.15999984741211,43.540000915527344,44.33000183105469,43.256290435791016,117700
2024-12-06,44.400001525878906,44.849998474121094,42.9900016784668,43.66999816894531,42.61227798461914,131800
2024-12-09,43.779998779296875,44.4900016784668,42.11000061035156,42.20000076293945,41.177886962890625,93300
2024-12-10,42.2400016784668,44.04999923706055,42.2400016784668,43.2599983215332,42.21220779418945,115600
2024-12-11,43.86000061035156,45.040000915527344,43.599998474121094,43.84000015258789,42.778160095214844,236000
2024-12-12,44.20000076293945,44.650001525878906,43.34000015258789,43.380001068115234,42.32930374145508,113900
2024-12-13,43.4900016784668,43.630001068115234,41.97999954223633,42.0,40.98271942138672,107700
2024-12-16,41.900001525878906,42.209999084472656,41.06999969482422,41.529998779296875,40.52410888671875,117600
2024-12-17,41.34000015258789,41.86000061035156,40.380001068115234,40.630001068115234,39.64590835571289,158300
2024-12-18,40.849998474121094,41.16999816894531,38.150001525878906,38.20000076293945,37.27476501464844,120000
2024-12-19,38.650001525878906,39.66999816894531,38.349998474121094,39.15999984741211,38.21151351928711,94600
2024-12-20,38.349998474121094,39.90999984741211,38.279998779296875,39.20000076293945,38.25054168701172,179600
2024-12-23,39.09000015258789,39.09000015258789,38.08000183105469,38.84000015258789,37.89926528930664,84800
2024-12-24,38.75,39.90999984741211,38.70000076293945,39.900001525878906,38.93359375,38300
2024-12-26,39.560001373291016,40.36000061035156,39.560001373291016,40.29999923706055,39.32390213012695,81900
2024-12-27,39.68000030517578,40.43000030517578,38.9900016784668,39.279998779296875,38.3286018371582,77400
2024-12-30,39.209999084472656,39.83000183105469,38.54999923706055,39.689998626708984,38.72867202758789,70200
2024-12-31,40.0099983215332,40.939998626708984,39.630001068115234,39.720001220703125,38.75795364379883,123700
2025-01-02,40.150001525878906,41.470001220703125,40.119998931884766,41.27000045776367,40.27040100097656,92500
2025-01-03,41.310001373291016,42.08000183105469,41.13999938964844,41.45000076293945,40.446048736572266,84300
2025-01-06,41.630001068115234,41.790000915527344,39.349998474121094,41.22999954223633,40.23137664794922,119000
2025-01-07,41.380001068115234,41.4900016784668,38.970001220703125,39.54999923706055,38.592063903808594,102400
2025-01-08,39.45000076293945,40.220001220703125,39.130001068115234,39.95000076293945,38.98237991333008,91800
2025-01-10,39.380001068115234,39.380001068115234,38.31999969482422,38.380001068115234,37.45040512084961,111000
2025-01-13,38.0,39.099998474121094,38.0,38.70000076293945,37.76265335083008,67100
2025-01-14,38.95000076293945,39.56999969482422,38.439998626708984,38.97999954223633,38.03587341308594,85100
2025-01-15,40.150001525878906,40.70000076293945,39.209999084472656,40.380001068115234,39.4019660949707,109700
2025-01-16,40.529998779296875,40.529998779296875,39.099998474121094,39.959999084472656,38.99214172363281,94100
2025-01-17,40.29999923706055,40.459999084472656,39.790000915527344,40.33000183105469,39.35317611694336,75300
2025-01-21,40.72999954223633,42.790000915527344,40.72999954223633,41.04999923706055,40.05573654174805,120500
2025-01-22,41.13999938964844,41.720001220703125,40.290000915527344,40.650001525878906,39.66542053222656,88700
2025-01-23,40.529998779296875,41.689998626708984,40.380001068115234,41.540000915527344,40.533870697021484,93400
2025-01-24,41.7400016784668,41.900001525878906,40.529998779296875,41.5,40.494834899902344,90600
2025-01-27,41.18000030517578,42.599998474121094,41.09000015258789,41.689998626708984,40.68022918701172,97000
2025-01-28,41.54999923706055,42.70000076293945,41.40999984741211,42.040000915527344,41.021759033203125,84500
2025-01-29,42.20000076293945,44.45000076293945,42.20000076293945,43.91999816894531,42.85622024536133,120600
2025-01-30,44.5,44.650001525878906,43.2400016784668,44.08000183105469,43.01234817504883,73500
2025-01-31,44.08000183105469,44.5,43.41999816894531,43.540000915527344,42.48542785644531,88300
2025-02-03,42.31999969482422,44.279998779296875,41.02000045776367,44.20000076293945,43.12944030761719,113500
2025-02-04,44.470001220703125,46.439998626708984,44.040000915527344,46.43000030517578,45.30542755126953,117500
2025-02-05,46.56999969482422,48.529998779296875,46.34000015258789,48.31999969482422,47.149654388427734,201200
2025-02-06,48.70000076293945,50.90999984741211,47.86000061035156,50.20000076293945,48.98411560058594,430000
2025-02-07,47.970001220703125,50.040000915527344,44.20000076293945,49.540000915527344,48.34010696411133,571500
2025-02-10,50.209999084472656,50.54999923706055,46.220001220703125,46.7599983215332,45.6274299621582,262500
2025-02-11,46.45000076293945,48.380001068115234,45.380001068115234,48.099998474121094,46.934974670410156,249000
2025-02-12,47.08000183105469,49.029998779296875,46.61000061035156,48.84000015258789,47.65705490112305,168600
2025-02-13,49.0,49.880001068115234,47.529998779296875,49.810001373291016,48.60356140136719,163200
2025-02-14,50.0,50.5,48.540000915527344,48.939998626708984,47.75463104248047,145200
2025-02-18,48.959999084472656,49.5,47.66999816894531,48.84000015258789,47.65705490112305,184800
2025-02-19,48.41999816894531,49.25,47.77000045776367,49.25,48.05712127685547,91700
2025-02-20,48.72999954223633,48.810001373291016,46.59000015258789,47.43000030517578,46.28120040893555,120400
2025-02-21,47.63999938964844,47.63999938964844,42.650001525878906,42.790000915527344,41.75359344482422,214700
2025-02-24,42.869998931884766,42.939998626708984,41.349998474121094,41.4900016784668,40.48508071899414,144500
2025-02-25,41.5099983215332,42.310001373291016,41.0099983215332,42.130001068115234,41.10957717895508,153900
2025-02-26,42.290000915527344,46.45000076293945,42.290000915527344,46.2599983215332,45.13954162597656,274500
2025-02-27,46.45000076293945,47.0,44.470001220703125,44.470001220703125,43.392906188964844,134100
2025-02-28,44.400001525878906,45.2400016784668,43.86000061035156,44.439998626708984,43.36362838745117,284400
2025-03-03,44.43000030517578,44.529998779296875,41.939998626708984,42.119998931884766,41.211097717285156,172800
2025-03-04,41.380001068115234,42.2599983215332,40.470001220703125,41.79999923706055,40.89800262451172,291400
2025-03-05,41.779998779296875,42.72999954223633,38.22999954223633,39.13999938964844,38.295406341552734,270600
2025-03-06,38.36000061035156,39.2400016784668,37.54999923706055,37.65999984741211,36.84733963012695,176600
2025-03-07,37.5,37.66999816894531,35.77000045776367,37.09000015258789,36.289642333984375,184200
2025-03-10,36.06999969482422,36.88999938964844,35.0,35.540000915527344,34.77309036254883,191400
2025-03-11,35.86000061035156,38.04999923706055,35.58000183105469,37.29999923706055,36.49510955810547,174400
2025-03-12,37.540000915527344,37.970001220703125,37.08000183105469,37.41999816894531,36.61252212524414,104100
2025-03-13,37.2400016784668,37.310001373291016,35.900001525878906,36.5,35.712371826171875,94800
2025-03-14,37.08000183105469,37.310001373291016,36.47999954223633,36.619998931884766,35.82978820800781,102200
2025-03-17,36.36000061035156,37.91999816894531,35.0,37.849998474121094,37.033241271972656,142100
2025-03-18,37.5099983215332,37.65999984741211,36.75,37.060001373291016,36.260284423828125,91300
2025-03-19,37.0099983215332,38.560001373291016,37.0099983215332,38.20000076293945,37.375694274902344,110900
2025-03-20,37.68000030517578,38.790000915527344,37.470001220703125,37.689998626708984,36.87669372558594,89000
2025-03-21,37.279998779296875,37.81999969482422,36.279998779296875,37.75,36.93539810180664,135000
2025-03-24,38.68000030517578,39.61000061035156,38.060001373291016,39.22999954223633,38.38346481323242,92000
2025-03-25,38.970001220703125,39.310001373291016,38.40999984741211,38.630001068115234,37.796417236328125,101500
2025-03-26,38.720001220703125,38.84000015258789,37.290000915527344,38.0,37.18000030517578,120800
2025-03-27,38.0,38.61000061035156,37.029998779296875,38.15999984741211,37.336551666259766,102400
2025-03-28,38.0,38.16999816894531,37.27000045776367,38.119998931884766,37.29741287231445,79900
2025-03-31,37.290000915527344,41.130001068115234,36.150001525878906,40.20000076293945,39.33253479003906,288200
2025-04-01,39.97999954223633,41.560001373291016,39.529998779296875,41.119998931884766,40.2326774597168,156700
2025-04-02,40.5,42.08000183105469,40.5,41.959999084472656,41.05455017089844,89800
2025-04-03,39.22999954223633,42.43000030517578,38.43000030517578,41.56999969482422,40.672969818115234,149500
2025-04-04,40.65999984741211,42.790000915527344,40.22999954223633,41.11000061035156,40.22289276123047,223300
2025-04-07,38.790000915527344,43.119998931884766,38.65999984741211,42.470001220703125,41.553550720214844,169300
2025-04-08,43.7599983215332,45.41999816894531,42.16999816894531,43.279998779296875,42.346065521240234,168900
2025-04-09,43.04999923706055,46.630001068115234,41.75,44.90999984741211,43.94089889526367,261400
2025-04-10,44.720001220703125,47.279998779296875,44.08000183105469,46.58000183105469,45.57486343383789,251700
2025-04-11,46.4900016784668,46.4900016784668,44.34000015258789,45.2599983215332,44.28334045410156,259800
2025-04-14,45.91999816894531,47.52000045776367,45.540000915527344,46.83000183105469,45.819461822509766,154100
2025-04-15,46.56999969482422,48.119998931884766,46.209999084472656,46.59000015258789,45.58464050292969,126900
2025-04-16,45.91999816894531,47.83000183105469,45.810001373291016,47.709999084472656,46.68047332763672,97800
2025-04-17,47.689998626708984,48.0,46.400001525878906,47.7599983215332,46.72939682006836,128200
2025-04-21,47.63999938964844,47.79999923706055,45.33000183105469,46.40999984741211,45.40852737426758,141400
2025-04-22,47.060001373291016,48.4900016784668,46.56999969482422,48.13999938964844,47.1011962890625,141100
2025-04-23,49.06999969482422,49.59000015258789,47.189998626708984,47.97999954223633,46.94464874267578,157900
2025-04-24,48.060001373291016,48.849998474121094,47.02000045776367,48.41999816894531,47.37514877319336,134900
2025-04-25,48.66999816894531,48.900001525878906,47.72999954223633,48.58000183105469,47.531700134277344,98700
2025-04-28,48.900001525878906,49.779998779296875,47.59000015258789,48.779998779296875,47.727386474609375,169700
2025-04-29,48.310001373291016,49.650001525878906,47.5,49.63999938964844,48.568824768066406,155100
2025-04-30,49.2400016784668,50.63999938964844,48.279998779296875,50.15999984741211,49.077606201171875,187600
2025-05-01,49.65999984741211,51.65999984741211,49.290000915527344,50.45000076293945,49.36134719848633,152700
2025-05-02,50.790000915527344,52.689998626708984,50.400001525878906,50.59000015258789,49.498329162597656,172000
2025-05-05,50.599998474121094,50.900001525878906,49.369998931884766,49.7599983215332,48.68623733520508,106400
2025-05-06,48.97999954223633,50.310001373291016,48.369998931884766,49.02000045776367,47.96220397949219,177200
2025-05-07,49.34000015258789,49.81999969482422,48.369998931884766,49.33000183105469,48.26552200317383,143200
2025-05-08,49.65999984741211,50.13999938964844,45.66999816894531,45.869998931884766,44.88018035888672,329100
2025-05-09,51.47999954223633,60.84000015258789,51.400001525878906,59.7400016784668,58.45088577270508,678000
2025-05-12,60.16999816894531,61.220001220703125,53.040000915527344,53.63999938964844,52.482513427734375,407200
2025-05-13,53.52000045776367,55.18000030517578,49.689998626708984,50.06999969482422,48.98955154418945,255900
2025-05-14,50.0,51.08000183105469,48.869998931884766,49.900001525878906,48.823219299316406,227500
2025-05-15,49.47999954223633,51.83000183105469,49.47999954223633,51.65999984741211,50.54523849487305,160700
2025-05-16,51.54999923706055,52.66999816894531,51.15999984741211,51.540000915527344,50.42782974243164,159300
2025-05-19,51.0,51.630001068115234,50.2400016784668,51.220001220703125,50.11473846435547,181400
2025-05-20,51.13999938964844,52.0,50.61000061035156,51.709999084472656,50.59415817260742,127600
2025-05-21,50.959999084472656,51.630001068115234,49.099998474121094,50.54999923706055,49.459190368652344,152500
2025-05-22,50.54999923706055,51.33000183105469,50.060001373291016,50.060001373291016,48.979766845703125,231000
2025-05-23,49.849998474121094,50.43000030517578,49.220001220703125,49.91999816894531,48.84278106689453,187200
2025-05-27,49.66999816894531,50.349998474121094,44.68000030517578,47.95000076293945,47.02834701538086,341300
2025-05-28,47.7400016784668,48.5099983215332,47.63999938964844,48.279998779296875,47.35200119018555,152700
2025-05-29,48.11000061035156,48.470001220703125,46.84000015258789,47.65999984741211,46.743919372558594,174100
2025-05-30,47.47999954223633,48.880001068115234,47.0,48.83000183105469,47.89142990112305,208400
2025-06-02,48.599998474121094,49.16999816894531,46.9900016784668,48.18000030517578,47.25392532348633,164200
2025-06-03,48.189998626708984,48.189998626708984,44.310001373291016,46.279998779296875,45.390445709228516,369600
2025-06-04,46.349998474121094,46.38999938964844,45.119998931884766,45.43000030517578,44.55678176879883,166500
2025-06-05,45.08000183105469,45.689998626708984,43.88999938964844,44.41999816894531,43.566192626953125,226900
2025-06-06,44.68000030517578,45.61000061035156,44.16999816894531,45.27000045776367,44.39985656738281,175700
2025-06-09,45.060001373291016,45.2599983215332,42.849998474121094,44.150001525878906,43.30138397216797,186800
2025-06-10,44.29999923706055,44.68000030517578,43.790000915527344,44.18000030517578,43.330810546875,139000
2025-06-11,44.18000030517578,44.779998779296875,43.45000076293945,43.56999969482422,42.73253631591797,248500
2025-06-12,43.75,43.939998626708984,41.09000015258789,41.689998626708984,40.888668060302734,189700
2025-06-13,41.119998931884766,42.47999954223633,40.88999938964844,41.540000915527344,40.741554260253906,186900
2025-06-16,41.59000015258789,42.22999954223633,40.0099983215332,40.58000183105469,39.80000686645508,177700
2025-06-17,40.369998931884766,42.20000076293945,40.08000183105469,41.119998931884766,40.32962417602539,159000
2025-06-18,41.25,41.59000015258789,40.43000030517578,40.52000045776367,39.74116134643555,167400
2025-06-20,40.79999923706055,41.70000076293945,40.529998779296875,41.279998779296875,40.486549377441406,800900
2025-06-23,41.310001373291016,44.34000015258789,41.310001373291016,44.029998779296875,43.18368911743164,294300
2025-06-24,44.40999984741211,44.5,41.81999969482422,42.5,41.68310546875,368700
2025-06-25,42.459999084472656,42.540000915527344,37.11000061035156,37.34000015258789,36.62228012084961,398000
2025-06-26,37.47999954223633,37.709999084472656,35.869998931884766,37.130001068115234,36.41632080078125,426600
2025-06-27,37.36000061035156,39.459999084472656,36.0,39.220001220703125,38.466148376464844,1093700
2025-06-30,39.220001220703125,39.4900016784668,37.83000183105469,39.25,38.49557113647461,311400
2025-07-01,39.099998474121094,40.61000061035156,38.54999923706055,39.83000183105469,39.06442642211914,295700
2025-07-02,39.709999084472656,40.290000915527344,39.099998474121094,39.619998931884766,38.858455657958984,198600
2025-07-03,39.63999938964844,40.54999923706055,39.31999969482422,40.09000015258789,39.319419860839844,136800
2025-07-07,39.779998779296875,40.06999969482422,38.970001220703125,39.400001525878906,38.64268493652344,309200
2025-07-08,39.40999984741211,39.599998474121094,37.79999923706055,38.02000045776367,37.289215087890625,213300
2025-07-09,38.150001525878906,38.869998931884766,37.56999969482422,38.7599983215332,38.01498794555664,183700
2025-07-10,38.45000076293945,39.189998626708984,37.83000183105469,39.08000183105469,38.328834533691406,286100
2025-07-11,39.099998474121094,40.220001220703125,38.84000015258789,39.08000183105469,38.328834533691406,180200
2025-07-14,39.11000061035156,40.2400016784668,38.869998931884766,40.22999954223633,39.45673370361328,169000
2025-07-15,39.79999923706055,39.880001068115234,38.86000061035156,39.099998474121094,38.34844970703125,162100
2025-07-16,39.439998626708984,40.02000045776367,39.099998474121094,39.58000183105469,38.8192253112793,140700
2025-07-17,39.75,40.599998474121094,39.5099983215332,39.88999938964844,39.12326431274414,146400
2025-07-18,39.900001525878906,39.90999984741211,39.2599983215332,39.43000030517578,38.67211151123047,123800
2025-07-21,39.52000045776367,40.279998779296875,39.459999084472656,39.59000015258789,38.82903289794922,144700
2025-07-22,39.790000915527344,40.97999954223633,39.540000915527344,40.08000183105469,39.30961990356445,238000
2025-07-23,40.099998474121094,40.5,39.52000045776367,39.9900016784668,39.22134780883789,216900
2025-07-24,39.75,40.95000076293945,39.720001220703125,39.790000915527344,39.02518844604492,242300
2025-07-25,39.77000045776367,40.36000061035156,39.5,39.97999954223633,39.21154022216797,163200
2025-07-28,39.93000030517578,39.93000030517578,37.34000015258789,37.630001068115234,36.90671157836914,310000
2025-07-29,37.75,38.70000076293945,36.84000015258789,36.959999084472656,36.24958419799805,311300
2025-07-30,37.04999923706055,38.25,36.939998626708984,37.68000030517578,36.955745697021484,221300
2025-07-31,37.61000061035156,38.220001220703125,37.029998779296875,37.88999938964844,37.161712646484375,202000
2025-08-01,38.220001220703125,38.900001525878906,37.650001525878906,38.27000045776367,37.53440475463867,207700
2025-08-04,38.290000915527344,39.33000183105469,37.27000045776367,37.34000015258789,36.62228012084961,214000
2025-08-05,37.70000076293945,38.540000915527344,35.709999084472656,35.869998931884766,35.18053436279297,302700
2025-08-06,36.16999816894531,38.7599983215332,36.029998779296875,38.58000183105469,37.83845138549805,314500
2025-08-07,38.47999954223633,38.47999954223633,36.599998474121094,37.02000045776367,36.30843734741211,318500
2025-08-08,39.02000045776367,45.97999954223633,38.599998474121094,39.5,38.74076461791992,704900
2025-08-11,39.709999084472656,40.279998779296875,38.9900016784668,39.459999084472656,38.701534271240234,248900
2025-08-12,39.470001220703125,40.619998931884766,39.279998779296875,40.459999084472656,39.68231201171875,243300
2025-08-13,40.029998779296875,40.5099983215332,39.119998931884766,39.56999969482422,38.80942153930664,244500
2025-08-14,39.2400016784668,39.70000076293945,38.029998779296875,38.790000915527344,38.044410705566406,271000
2025-08-15,38.97999954223633,38.97999954223633,37.91999816894531,38.810001373291016,38.064029693603516,413400
2025-08-18,39.11000061035156,39.66999816894531,38.72999954223633,39.65999984741211,38.89768981933594,185400
2025-08-19,39.290000915527344,40.75,38.84000015258789,40.70000076293945,39.91769790649414,253600
2025-08-20,40.65999984741211,41.31999969482422,40.15999984741211,40.540000915527344,39.760772705078125,168300
2025-08-21,40.279998779296875,40.400001525878906,39.33000183105469,39.779998779296875,39.015384674072266,246600
2025-08-22,39.81999969482422,41.58000183105469,39.79999923706055,40.529998779296875,39.75096130371094,242500
2025-08-25,40.18000030517578,41.06999969482422,39.7400016784668,40.68000030517578,39.8980827331543,208000
2025-08-26,40.779998779296875,41.33000183105469,40.34000015258789,41.08000183105469,40.29039764404297,174500
2025-08-27,40.880001068115234,41.400001525878906,39.47999954223633,39.79999923706055,39.034996032714844,259500
2025-08-28,39.709999084472656,39.88999938964844,38.40999984741211,38.54999923706055,37.80902099609375,277400
2025-08-29,38.849998474121094,39.2400016784668,37.939998626708984,38.45000076293945,37.7109489440918,184400
2025-09-02,38.08000183105469,38.66999816894531,37.83000183105469,38.52000045776367,37.89788055419922,166200
2025-09-03,38.27000045776367,39.06999969482422,37.9900016784668,38.939998626708984,38.31109619140625,280100
2025-09-04,39.119998931884766,39.97999954223633,38.66999816894531,39.25,38.6160888671875,230100
2025-09-05,39.290000915527344,39.5099983215332,37.93000030517578,38.810001373291016,38.183197021484375,205700
2025-09-08,38.66999816894531,38.75,38.029998779296875,38.2400016784668,37.62240219116211,188600
2025-09-09,37.81999969482422,38.0099983215332,35.86000061035156,36.29999923706055,35.7137336730957,323700
2025-09-10,36.29999923706055,37.08000183105469,36.130001068115234,36.29999923706055,35.7137336730957,487600
2025-09-11,36.40999984741211,38.060001373291016,36.25,37.9900016784668,37.376441955566406,271200
2025-09-12,37.84000015258789,38.150001525878906,37.349998474121094,37.40999984741211,36.80580520629883,233000
2025-09-15,37.560001373291016,37.560001373291016,35.7599983215332,36.04999923706055,35.467769622802734,411700
2025-09-16,36.09000015258789,36.86000061035156,35.70000076293945,36.630001068115234,36.03840637207031,214500
2025-09-17,36.65999984741211,37.40999984741211,36.439998626708984,36.529998779296875,35.94001388549805,175400
2025-09-18,36.15999984741211,37.04999923706055,35.93000030517578,36.790000915527344,36.19581985473633,240100
2025-09-19,36.90999984741211,36.90999984741211,35.5099983215332,35.93000030517578,35.349708557128906,458900
2025-09-22,35.86000061035156,36.459999084472656,35.150001525878906,36.279998779296875,35.69405746459961,235200
2025-09-23,36.54999923706055,36.68000030517578,35.81999969482422,36.20000076293945,35.61534881591797,198700
2025-09-24,36.099998474121094,37.099998474121094,36.04999923706055,36.61000061035156,36.01872634887695,234900
2025-09-25,36.97999954223633,37.7599983215332,36.439998626708984,36.68000030517578,36.08759307861328,222400
2025-09-26,36.779998779296875,37.63999938964844,36.04999923706055,37.61000061035156,37.0025749206543,159500
2025-09-29,37.70000076293945,38.630001068115234,37.25,38.45000076293945,37.829010009765625,364800
2025-09-30,39.0,40.18000030517578,38.619998931884766,40.0,39.353973388671875,217100
2025-10-01,39.7599983215332,41.13999938964844,39.099998474121094,40.959999084472656,40.298465728759766,225700
2025-10-02,40.959999084472656,40.959999084472656,39.189998626708984,40.209999084472656,39.56058120727539,206600
2025-10-03,40.220001220703125,40.5099983215332,39.689998626708984,40.20000076293945,39.55074691772461,151100
2025-10-06,40.060001373291016,40.099998474121094,38.220001220703125,38.4900016784668,37.86836624145508,291500
2025-10-07,38.43000030517578,39.290000915527344,37.310001373291016,39.09000015258789,38.458675384521484,271500
2025-10-08,39.52000045776367,40.09000015258789,39.04999923706055,39.65999984741211,39.019466400146484,158100
2025-10-09,39.7400016784668,39.900001525878906,38.880001068115234,38.970001220703125,38.34061050415039,146700
2025-10-10,39.09000015258789,39.09000015258789,37.27000045776367,37.279998779296875,36.67790222167969,298700
2025-10-13,37.09000015258789,38.56999969482422,37.09000015258789,38.11000061035156,37.49449920654297,223700
2025-10-14,38.34000015258789,40.380001068115234,38.34000015258789,39.869998931884766,39.22607421875,145200
2025-10-15,39.779998779296875,40.7599983215332,39.779998779296875,40.540000915527344,39.88525390625,152200
2025-10-16,40.4900016784668,40.880001068115234,39.099998474121094,39.220001220703125,38.58657455444336,173200
2025-10-17,39.34000015258789,39.939998626708984,38.70000076293945,38.86000061035156,38.23238754272461,126600
2025-10-20,39.15999984741211,39.880001068115234,38.36000061035156,39.70000076293945,39.05882263183594,118100
2025-10-21,39.58000183105469,40.0099983215332,38.83000183105469,39.869998931884766,39.22607421875,153700
2025-10-22,40.7400016784668,40.79999923706055,39.810001373291016,40.5099983215332,39.85573959350586,192200
2025-10-23,40.720001220703125,40.939998626708984,40.130001068115234,40.7400016784668,40.08202362060547,140400
2025-10-24,40.54999923706055,41.06999969482422,40.27000045776367,40.5,39.84590148925781,193900
2025-10-27,40.400001525878906,40.400001525878906,39.02000045776367,39.70000076293945,39.05882263183594,191000
2025-10-28,39.349998474121094,40.41999816894531,39.25,39.5,38.86205291748047,172200
2025-10-29,39.34000015258789,39.689998626708984,38.11000061035156,38.61000061035156,37.98642349243164,156300
2025-10-30,37.869998931884766,38.29999923706055,35.130001068115234,35.959999084472656,35.37922286987305,629000
2025-10-31,35.93000030517578,35.93000030517578,31.84000015258789,32.09000015258789,31.571725845336914,432000
2025-11-03,32.189998626708984,33.459999084472656,30.90999984741211,32.959999084472656,32.42767333984375,591400
2025-11-04,33.18000030517578,33.790000915527344,31.84000015258789,31.93000030517578,31.414310455322266,291400
2025-11-05,31.56999969482422,33.11000061035156,30.549999237060547,32.43000030517578,31.906234741210938,364900
2025-11-06,32.0099983215332,32.56999969482422,30.979999542236328,31.299999237060547,30.794483184814453,267600
2025-11-07,31.43000030517578,31.90999984741211,31.010000228881836,31.520000457763672,31.01093292236328,249800
2025-11-10,31.510000228881836,31.8799991607666,31.15999984741211,31.75,31.237218856811523,208900
2025-11-11,31.8799991607666,32.29999923706055,31.280000686645508,31.549999237060547,31.040449142456055,140500
2025-11-12,31.709999084472656,32.959999084472656,31.56999969482422,32.66999816894531,32.142356872558594,210300
2025-11-13,32.58000183105469,32.58000183105469,31.68000030517578,31.81999969482422,31.306089401245117,199500
2025-11-14,31.809999465942383,32.38999938964844,31.469999313354492,32.38999938964844,31.866880416870117,159100
2025-11-17,32.18000030517578,32.650001525878906,31.459999084472656,31.729999542236328,31.217540740966797,184000
2025-11-18,31.90999984741211,31.90999984741211,30.860000610351562,31.020000457763672,30.51900863647461,173800
2025-11-19,31.18000030517578,31.530000686645508,30.799999237060547,31.360000610351562,30.853517532348633,230700
2025-11-20,31.459999084472656,32.220001220703125,29.979999542236328,30.350000381469727,29.859830856323242,362400
2025-11-21,29.969999313354492,31.690000534057617,26.75,28.81999969482422,28.35453987121582,615100
2025-11-24,29.010000228881836,29.43000030517578,27.93000030517578,28.079999923706055,27.62649154663086,513600
2025-11-25,28.43000030517578,29.469999313354492,27.770000457763672,28.030000686645508,27.577299118041992,412200
2025-11-26,28.209999084472656,28.530000686645508,27.690000534057617,27.770000457763672,27.321496963500977,280400
2025-11-28,27.75,28.219999313354492,27.520000457763672,27.75,27.301820755004883,252000
2025-12-01,27.59000015258789,28.200000762939453,27.149999618530273,27.530000686645508,27.23257827758789,347900
2025-12-02,27.8700008392334,28.43000030517578,26.799999237060547,27.170000076293945,26.876466751098633,280400
2025-12-03,27.020000457763672,27.8799991607666,27.020000457763672,27.18000030517578,26.8863582611084,281000
2025-12-04,26.93000030517578,27.68000030517578,26.3799991607666,26.399999618530273,26.11478614807129,257100
2025-12-05,26.290000915527344,26.729999542236328,25.079999923706055,25.079999923706055,24.809045791625977,311600
2025-12-08,25.1200008392334,25.68000030517578,24.34000015258789,24.799999237060547,24.53207015991211,309800
2025-12-09,24.719999313354492,25.049999237060547,24.450000762939453,24.920000076293945,24.650774002075195,289200
2025-12-10,24.75,25.190000534057617,24.0,24.989999771118164,24.72001838684082,555100
2025-12-11,24.969999313354492,26.479999542236328,24.969999313354492,26.18000030517578,25.89716339111328,349100
2025-12-12,26.190000534057617,26.190000534057617,25.360000610351562,25.459999084472656,25.184938430786133,323500
2025-12-15,25.739999771118164,26.65999984741211,25.25,25.309999465942383,25.03656005859375,294500
2025-12-16,25.1299991607666,25.530000686645508,24.90999984741211,25.219999313354492,24.947532653808594,297500
2025-12-17,25.09000015258789,26.31999969482422,25.09000015258789,25.68000030517578,25.402565002441406,288700
2025-12-18,25.510000228881836,25.8700008392334,24.950000762939453,25.06999969482422,24.79915428161621,285900
2025-12-19,25.229999542236328,25.229999542236328,24.290000915527344,25.18000030517578,24.90796661376953,997100
2025-12-22,24.809999465942383,25.3700008392334,24.690000534057617,25.350000381469727,25.076129913330078,232600
2025-12-23,25.350000381469727,25.6200008392334,24.8799991607666,25.6200008392334,25.343212127685547,343600
2025-12-24,25.770000457763672,26.329999923706055,25.770000457763672,26.200000762939453,25.916948318481445,150400
2025-12-26,26.1299991607666,26.239999771118164,25.540000915527344,25.799999237060547,25.52126693725586,196300
2025-12-29,25.739999771118164,25.8799991607666,25.18000030517578,25.459999084472656,25.184938430786133,199400
2025-12-30,25.389999389648438,25.729999542236328,25.079999923706055,25.1299991607666,24.858505249023438,197000
2025-12-31,25.059999465942383,25.229999542236328,24.809999465942383,25.049999237060547,24.779369354248047,261000
2026-01-02,25.0,25.229999542236328,24.610000610351562,24.700000762939453,24.43315315246582,224100
2026-01-05,24.579999923706055,25.979999542236328,24.25,24.68000030517578,24.413368225097656,196000
2026-01-06,24.790000915527344,24.790000915527344,23.780000686645508,24.360000610351562,24.096826553344727,205400
2026-01-07,24.540000915527344,24.540000915527344,23.469999313354492,23.709999084472656,23.453845977783203,247300
2026-01-08,23.93000030517578,25.059999465942383,23.729999542236328,24.809999465942383,24.541961669921875,268300
2026-01-09,24.709999084472656,25.1299991607666,24.280000686645508,25.040000915527344,24.769479751586914,200500
2026-01-12,24.81999969482422,25.950000762939453,24.510000228881836,25.329999923706055,25.056346893310547,169000
2026-01-13,25.239999771118164,25.350000381469727,24.65999984741211,24.8700008392334,24.601316452026367,164100
2026-01-14,24.920000076293945,25.639999389648438,24.739999771118164,25.600000381469727,25.323429107666016,158900
2026-01-15,25.3700008392334,27.18000030517578,25.229999542236328,26.8799991607666,26.589599609375,312700
2026-01-16,26.59000015258789,26.989999771118164,26.309999465942383,26.75,26.46100425720215,241800
2026-01-20,26.600000381469727,26.600000381469727,25.510000228881836,25.93000030517578,25.64986228942871,252500
2026-01-21,26.139999389648438,26.690000534057617,26.06999969482422,26.530000686645508,26.24338150024414,330200
2026-01-22,26.520000457763672,26.760000228881836,25.68000030517578,26.0,25.719106674194336,211800
2026-01-23,26.030000686645508,26.329999923706055,25.59000015258789,25.959999084472656,25.679536819458008,222400
2026-01-26,26.09000015258789,26.350000381469727,25.5,26.219999313354492,25.936729431152344,233600
2026-01-27,26.170000076293945,26.920000076293945,25.219999313354492,26.8700008392334,26.579710006713867,212700
2026-01-28,26.84000015258789,26.84000015258789,25.709999084472656,25.93000030517578,25.64986228942871,241200
2026-01-29,26.030000686645508,26.31999969482422,25.459999084472656,26.25,25.966405868530273,138800
2026-01-30,26.100000381469727,27.559999465942383,25.940000534057617,27.31999969482422,27.024845123291016,207900
2026-02-02,27.360000610351562,28.059999465942383,27.219999313354492,28.040000915527344,27.737070083618164,257600
2026-02-03,27.799999237060547,28.549999237060547,27.030000686645508,27.670000076293945,27.371065139770508,279000
2026-02-04,27.540000915527344,27.989999771118164,26.8799991607666,27.049999237060547,26.757762908935547,307500
2026-02-05,27.3799991607666,27.739999771118164,26.8799991607666,27.030000686645508,26.737979888916016,173000
2026-02-06,29.389999389648438,31.229999542236328,26.260000228881836,26.43000030517578,26.144460678100586,381600
2026-02-09,26.940000534057617,27.959999084472656,25.559999465942383,25.649999618530273,25.372886657714844,265200
2026-02-10,25.5,25.850000381469727,24.34000015258789,24.389999389648438,24.12649917602539,247100
2026-02-11,24.34000015258789,25.239999771118164,24.34000015258789,24.729999542236328,24.462827682495117,203900
2026-02-12,24.8799991607666,26.25,24.75,25.860000610351562,25.58061981201172,182300
2026-02-13,26.420000076293945,27.15999984741211,26.010000228881836,26.84000015258789,26.550031661987305,251900
2026-02-17,27.020000457763672,27.350000381469727,25.65999984741211,26.3799991607666,26.095001220703125,251900
2026-02-18,26.059999465942383,26.3799991607666,24.860000610351562,25.1299991607666,24.858505249023438,221200
2026-02-19,24.959999084472656,25.43000030517578,24.829999923706055,25.139999389648438,24.868396759033203,134800
2026-02-20,25.139999389648438,25.43000030517578,24.6200008392334,25.110000610351562,24.838722229003906,144500
2026-02-23,25.0,26.059999465942383,24.610000610351562,25.700000762939453,25.42234992980957,138800
2026-02-24,25.729999542236328,26.450000762939453,25.440000534057617,26.209999084472656,25.926837921142578,127500
2026-02-25,26.209999084472656,27.06999969482422,25.860000610351562,26.920000076293945,26.629167556762695,190800
2026-02-26,27.25,27.940000534057617,26.850000381469727,26.989999771118164,26.698410034179688,141300
2026-02-27,26.850000381469727,27.290000915527344,26.479999542236328,27.030000686645508,26.737979888916016,140200
2026-03-02,26.75,27.059999465942383,26.299999237060547,26.84000015258789,26.698190689086914,155600
2026-03-03,26.479999542236328,26.90999984741211,25.950000762939453,26.6200008392334,26.479352951049805,126300
2026-03-04,26.90999984741211,26.90999984741211,26.149999618530273,26.440000534057617,26.300304412841797,122500
2026-03-05,26.110000610351562,26.469999313354492,25.709999084472656,26.34000015258789,26.20083236694336,145200
2026-03-06,26.049999237060547,26.75,25.729999542236328,25.950000762939453,25.81289291381836,154600
2026-03-09,25.540000915527344,25.540000915527344,24.649999618530273,25.350000381469727,25.216062545776367,120900
2026-03-10,25.299999237060547,25.549999237060547,24.579999923706055,24.6200008392334,24.489919662475586,137800
2026-03-11,24.6200008392334,24.989999771118164,24.360000610351562,24.56999969482422,24.440183639526367,128500
2026-03-12,24.200000762939453,25.239999771118164,24.200000762939453,24.979999542236328,24.8480167388916,118600
2026-03-13,25.149999618530273,25.639999389648438,24.979999542236328,25.600000381469727,25.46474266052246,126700
2026-03-16,25.649999618530273,25.84000015258789,25.260000228881836,25.559999465942383,25.424951553344727,146400
2026-03-17,25.709999084472656,26.1200008392334,25.559999465942383,25.860000610351562,25.72336769104004,169100
2026-03-18,25.549999237060547,25.739999771118164,25.170000076293945,25.200000762939453,25.066856384277344,124300
2026-03-19,25.18000030517578,25.799999237060547,25.100000381469727,25.510000228881836,25.37521743774414,119600
2026-03-20,25.68000030517578,25.950000762939453,25.170000076293945,25.31999969482422,25.186220169067383,244900
2026-03-23,25.709999084472656,25.709999084472656,24.81999969482422,25.31999969482422,25.186220169067383,197000
2026-03-24,25.18000030517578,25.8700008392334,24.84000015258789,24.8799991607666,24.748544692993164,127000
2026-03-25,25.020000457763672,25.020000457763672,24.229999542236328,24.760000228881836,24.629179000854492,115200
2026-03-26,24.75,25.780000686645508,24.75,25.649999618530273,25.514476776123047,122500
2026-03-27,25.579999923706055,26.280000686645508,25.5,25.969999313354492,25.832786560058594,115100
2026-03-30,26.030000686645508,26.709999084472656,25.65999984741211,26.420000076293945,26.28040885925293,132700
2026-03-31,26.479999542236328,26.780000686645508,25.389999389648438,25.850000381469727,25.713420867919922,127300
2026-04-01,26.0,26.389999389648438,25.440000534057617,25.950000762939453,25.81289291381836,99100
2026-04-02,25.809999465942383,26.25,25.440000534057617,26.139999389648438,26.001888275146484,96500
2026-04-06,26.079999923706055,26.489999771118164,25.739999771118164,26.3799991607666,26.240619659423828,148600
2026-04-07,26.559999465942383,27.139999389648438,26.530000686645508,26.56999969482422,26.429616928100586,121900
2026-04-08,26.549999237060547,26.790000915527344,25.979999542236328,26.3799991607666,26.240619659423828,97900
2026-04-09,26.229999542236328,26.790000915527344,26.170000076293945,26.600000381469727,26.45945930480957,81300
2026-04-10,26.420000076293945,26.600000381469727,26.030000686645508,26.459999084472656,26.3201961517334,76900
2026-04-13,26.440000534057617,26.520000457763672,26.049999237060547,26.270000457763672,26.131202697753906,98400
2026-04-14,25.81999969482422,26.549999237060547,25.299999237060547,26.5,26.359987258911133,156000
2026-04-15,26.420000076293945,27.040000915527344,26.3799991607666,26.399999618530273,26.260515213012695,104400
2026-04-16,27.709999084472656,28.020000457763672,27.09000015258789,27.40999984741211,27.265178680419922,198500
2026-04-17,27.489999771118164,28.459999084472656,27.059999465942383,28.270000457763672,28.120634078979492,117000
2026-04-20,28.59000015258789,28.81999969482422,27.81999969482422,27.81999969482422,27.673011779785156,145800
2026-04-21,27.979999542236328,28.420000076293945,27.479999542236328,27.510000228881836,27.36465072631836,111200
2026-04-22,27.579999923706055,27.75,27.149999618530273,27.540000915527344,27.394493103027344,88200
2026-04-23,27.530000686645508,27.8799991607666,27.139999389648438,27.190000534057617,27.046340942382812,74900
2026-04-24,26.979999542236328,27.43000030517578,26.139999389648438,27.389999389648438,27.245283126831055,111200
2026-04-27,27.3799991607666,27.969999313354492,27.020000457763672,27.100000381469727,26.956815719604492,96300
2026-04-28,27.3799991607666,27.920000076293945,27.18000030517578,27.469999313354492,27.324861526489258,88400
2026-04-29,27.3700008392334,27.790000915527344,27.049999237060547,27.770000457763672,27.623275756835938,89200
2026-04-30,27.799999237060547,29.399999618530273,27.799999237060547,28.959999084472656,28.806987762451172,152000
2026-05-01,29.31999969482422,29.889999389648438,29.229999542236328,29.56999969482422,29.41376495361328,124000
2026-05-04,29.350000381469727,29.790000915527344,28.6200008392334,28.790000915527344,28.637887954711914,139500
2026-05-05,28.75,29.030000686645508,28.5,28.75,28.598098754882812,124900
2026-05-06,28.899999618530273,28.899999618530273,27.049999237060547,27.110000610351562,26.966764450073242,129800
2026-05-07,27.0,28.010000228881836,27.0,27.760000228881836,27.61332893371582,159100
2026-05-08,26.610000610351562,27.18000030517578,25.18000030517578,26.40999984741211,26.270462036132812,220700
2026-05-11,26.469999313354492,28.059999465942383,26.399999618530273,26.969999313354492,26.827503204345703,154100
2026-05-12,27.190000534057617,27.579999923706055,26.729999542236328,27.030000686645508,26.88718605041504,119800
2026-05-13,26.860000610351562,28.149999618530273,26.860000610351562,28.09000015258789,27.941585540771484,187000
2026-05-14,28.520000457763672,29.6299991607666,28.020000457763672,28.860000610351562,28.707517623901367,173100
2026-05-15,29.190000534057617,29.459999084472656,28.3799991607666,28.389999389648438,28.239999771118164,126700
2026-05-18,28.270000457763672,29.149999618530273,28.25,29.1299991607666,29.1299991607666,121200
2026-05-19,29.1200008392334,30.450000762939453,29.0,29.559999465942383,29.559999465942383,154700
2026-05-20,29.520000457763672,30.010000228881836,28.940000534057617,29.350000381469727,29.350000381469727,167600
2026-05-21,28.959999084472656,29.389999389648438,27.969999313354492,29.030000686645508,29.030000686645508,116700
2026-05-22,29.219999313354492,29.719999313354492,28.399999618530273,28.760000228881836,28.760000228881836,123700
2026-05-26,28.600000381469727,29.149999618530273,27.59000015258789,28.18000030517578,28.18000030517578,104600
2026-05-27,28.360000610351562,29.90999984741211,28.360000610351562,29.790000915527344,29.790000915527344,131100
2026-05-28,29.860000610351562,30.200000762939453,29.239999771118164,29.670000076293945,29.670000076293945,118100
2026-05-29,29.530000686645508,30.09000015258789,28.6200008392334,29.360000610351562,29.360000610351562,146500
2026-06-01,29.399999618530273,30.299999237060547,28.530000686645508,28.670000076293945,28.670000076293945,164600
2026-06-02,28.309999465942383,29.639999389648438,28.309999465942383,29.100000381469727,29.100000381469727,128900
2026-06-03,28.850000381469727,29.40999984741211,28.329999923706055,28.610000610351562,28.610000610351562,173100
2026-06-04,29.020000457763672,29.799999237060547,28.280000686645508,29.100000381469727,29.100000381469727,136400
2026-06-05,29.450000762939453,30.459999084472656,28.780000686645508,30.100000381469727,30.100000381469727,100400
2026-06-08,29.799999237060547,30.809999465942383,29.770000457763672,30.100000381469727,30.100000381469727,143700
2026-06-09,30.079999923706055,30.709999084472656,29.420000076293945,30.420000076293945,30.420000076293945,195400
2026-06-10,30.969999313354492,31.600000381469727,30.649999618530273,31.450000762939453,31.450000762939453,158600
2026-06-11,31.3799991607666,31.940000534057617,31.209999084472656,31.350000381469727,31.350000381469727,125100
2026-06-12,31.540000915527344,31.920000076293945,31.3700008392334,31.579999923706055,31.579999923706055,56400
2026-06-15,31.350000381469727,31.8799991607666,30.59000015258789,30.649999618530273,30.649999618530273,95500
2026-06-16,30.959999084472656,31.110000610351562,30.440000534057617,30.559999465942383,30.559999465942383,123000
2026-06-17,30.549999237060547,31.190000534057617,30.260000228881836,30.719999313354492,30.719999313354492,105100
2026-06-18,30.360000610351562,30.979999542236328,29.950000762939453,30.110000610351562,30.110000610351562,121400
2026-06-22,30.110000610351562,30.770000457763672,29.899999618530273,30.25,30.25,91700
2026-06-23,30.969999313354492,32.310001373291016,30.969999313354492,32.16999816894531,32.16999816894531,127400
2026-06-24,32.5,32.790000915527344,31.959999084472656,32.689998626708984,32.689998626708984,124700
2026-06-25,32.540000915527344,32.88999938964844,31.399999618530273,31.510000228881836,31.510000228881836,125800
2026-06-26,31.950000762939453,32.970001220703125,31.209999084472656,32.11000061035156,32.11000061035156,470900
2026-06-29,32.209999084472656,32.220001220703125,31.459999084472656,31.459999084472656,31.459999084472656,92500
2026-06-30,31.110000610351562,31.639999389648438,30.8799991607666,31.020000457763672,31.020000457763672,133700
2026-07-01,31.0,32.529998779296875,30.6299991607666,31.8700008392334,31.8700008392334,134200
2026-07-02,32.09000015258789,32.88999938964844,31.90999984741211,32.599998474121094,32.599998474121094,119700
2026-07-06,32.630001068115234,33.65999984741211,32.15999984741211,33.209999084472656,33.209999084472656,105700
2026-07-07,33.7400016784668,34.59000015258789,33.709999084472656,33.7400016784668,33.7400016784668,130200
2026-07-08,33.77000045776367,34.20000076293945,33.08000183105469,33.470001220703125,33.470001220703125,111000
2026-07-09,33.209999084472656,33.380001068115234,32.59000015258789,33.0,33.0,82900
2026-07-10,33.29999923706055,33.41999816894531,32.77000045776367,32.88999938964844,32.88999938964844,80300
2026-07-13,33.15999984741211,33.58000183105469,32.22999954223633,32.68000030517578,32.68000030517578,95400
2026-07-14,32.5099983215332,32.63999938964844,32.040000915527344,32.09000015258789,32.09000015258789,84100
2026-07-15,32.0,32.779998779296875,31.399999618530273,31.81999969482422,31.81999969482422,92600
2026-07-16,31.889999389648438,33.220001220703125,31.889999389648438,32.93000030517578,32.93000030517578,87600
2026-07-17,33.06999969482422,33.88999938964844,32.4900016784668,32.72999954223633,32.72999954223633,122100
2026-07-20,32.650001525878906,32.75,31.190000534057617,31.360000610351562,31.360000610351562,93900
2026-07-23,30.709999084472656,30.81999969482422,28.809999465942383,29.350000381469727,29.350000381469727,166100
2026-07-24,29.729999542236328,30.209999084472656,28.940000534057617,30.010000228881836,30.010000228881836,162100
2026-07-27,30.190000534057617,31.739999771118164,30.190000534057617,31.649999618530273,31.649999618530273,77700
2026-07-28,31.889999389648438,33.560001373291016,31.8799991607666,32.310001373291016,32.310001373291016,107300
2026-07-29,32.43000030517578,33.099998474121094,32.22999954223633,32.97999954223633,32.97999954223633,94900
2026-07-30,32.56999969482422,32.88999938964844,31.799999237060547,32.18000030517578,32.18000030517578,77700
2026-08-03,32.54999923706055,33.61000061035156,32.31999969482422,33.220001220703125,33.220001220703125,77400
2026-08-04,32.84000015258789,33.40999984741211,32.40999984741211,32.560001373291016,32.560001373291016,129900
2026-08-05,32.900001525878906,32.900001525878906,31.600000381469727,31.950000762939453,31.950000762939453,71400
2026-08-06,32.70000076293945,32.790000915527344,31.770000457763672,32.459999084472656,32.459999084472656,102800
2026-08-07,27.559999465942383,28.979999542236328,26.200000762939453,28.389999389648438,28.389999389648438,603000
2026-08-10,28.219999313354492,28.610000610351562,26.1299991607666,26.260000228881836,26.260000228881836,302000
2026-08-11,26.350000381469727,27.899999618530273,26.020000457763672,27.540000915527344,27.540000915527344,246400
2026-08-12,27.079999923706055,27.540000915527344,26.649999618530273,27.43000030517578,27.43000030517578,178400
2026-08-13,27.75,28.329999923706055,27.75,28.020000457763672,28.020000457763672,124400
2026-08-14,28.020000457763672,28.229999542236328,27.600000381469727,28.1299991607666,28.1299991607666,86121
