Datetime,Open,High,Low,Close,Adj Close,Volume
2026-08-10 09:30:00,150.43499755859375,151.25999450683594,148.89999389648438,150.83999633789062,150.83999633789062,324926
2026-08-10 09:35:00,150.50999450683594,152.17999267578125,150.5,151.4669952392578,151.4669952392578,133962
2026-08-10 09:40:00,151.44479370117188,154.3000030517578,151.44479370117188,154.0,154.0,209600
2026-08-10 09:45:00,154.09689331054688,154.3885040283203,153.6999969482422,153.97999572753906,153.97999572753906,116309
2026-08-10 09:50:00,153.97999572753906,154.10000610351562,153.2550048828125,153.4499969482422,153.4499969482422,123536
2026-08-10 09:55:00,153.360107421875,153.7899932861328,153.17999267578125,153.2550048828125,153.2550048828125,103180
2026-08-10 10:00:00,153.31500244140625,154.0,153.1699981689453,153.91000366210938,153.91000366210938,146794
2026-08-10 10:05:00,153.8800048828125,154.1300048828125,153.27999877929688,153.58999633789062,153.58999633789062,207307
2026-08-10 10:10:00,153.59500122070312,153.8000030517578,153.1699981689453,153.67010498046875,153.67010498046875,181968
2026-08-10 10:15:00,153.7100067138672,154.5500030517578,153.27000427246094,154.49000549316406,154.49000549316406,171534
2026-08-10 10:20:00,154.39950561523438,154.52999877929688,153.9633026123047,154.35000610351562,154.35000610351562,127035
2026-08-10 10:25:00,154.375,154.72999572753906,154.24000549316406,154.32000732421875,154.32000732421875,127519
2026-08-10 10:30:00,154.2899932861328,154.44000244140625,154.07000732421875,154.3699951171875,154.3699951171875,101022
2026-08-10 10:35:00,154.4499053955078,154.4499969482422,154.04510498046875,154.3800048828125,154.3800048828125,80818
2026-08-10 10:40:00,154.38999938964844,154.38999938964844,153.72000122070312,153.8699951171875,153.8699951171875,116452
2026-08-10 10:45:00,153.89500427246094,153.9600067138672,153.44000244140625,153.91000366210938,153.91000366210938,106703
2026-08-10 10:50:00,153.91000366210938,154.22000122070312,153.72000122070312,153.89999389648438,153.89999389648438,130069
2026-08-10 10:55:00,153.88999938964844,153.9199981689453,153.4499969482422,153.50999450683594,153.50999450683594,117944
2026-08-10 11:00:00,153.52999877929688,154.22999572753906,153.47219848632812,153.80499267578125,153.80499267578125,132106
2026-08-10 11:05:00,153.77000427246094,154.0800018310547,153.7100067138672,153.92999267578125,153.92999267578125,69997
2026-08-10 11:10:00,153.9149932861328,153.92999267578125,153.5399932861328,153.92999267578125,153.92999267578125,75339
2026-08-10 11:15:00,153.86000061035156,154.0,153.58999633789062,153.66000366210938,153.66000366210938,147004
2026-08-10 11:20:00,153.72000122070312,153.9384002685547,153.3800048828125,153.47999572753906,153.47999572753906,55068
2026-08-10 11:25:00,153.4499969482422,153.5800018310547,153.3300018310547,153.3699951171875,153.3699951171875,59721
2026-08-10 11:30:00,153.36500549316406,153.99000549316406,153.36500549316406,153.97999572753906,153.97999572753906,94782
2026-08-10 11:35:00,153.96719360351562,154.07000732421875,153.7449951171875,153.86000061035156,153.86000061035156,52148
2026-08-10 11:40:00,153.80560302734375,154.4499969482422,153.80560302734375,154.42999267578125,154.42999267578125,84693
2026-08-10 11:45:00,154.4149932861328,154.86000061035156,154.24000549316406,154.7899932861328,154.7899932861328,98649
2026-08-10 11:50:00,154.75999450683594,155.27499389648438,154.75999450683594,155.1750030517578,155.1750030517578,186406
2026-08-10 11:55:00,155.2100067138672,155.44000244140625,155.01010131835938,155.3000030517578,155.3000030517578,95762
2026-08-10 12:00:00,155.3000030517578,155.32000732421875,154.7550048828125,155.08999633789062,155.08999633789062,88103
2026-08-10 12:05:00,155.0800018310547,155.0800018310547,154.42999267578125,154.67999267578125,154.67999267578125,70819
2026-08-10 12:10:00,154.67999267578125,154.7100067138672,154.42730712890625,154.52000427246094,154.52000427246094,58659
2026-08-10 12:15:00,154.52999877929688,154.52999877929688,154.1199951171875,154.1300048828125,154.1300048828125,54504
2026-08-10 12:20:00,154.1300048828125,154.38999938964844,153.97999572753906,154.32000732421875,154.32000732421875,64692
2026-08-10 12:25:00,154.27560424804688,154.3800048828125,154.13999938964844,154.27999877929688,154.27999877929688,48765
2026-08-10 12:30:00,154.3000030517578,154.3699951171875,153.69000244140625,154.0399932861328,154.0399932861328,159018
2026-08-10 12:35:00,154.02999877929688,154.24000549316406,153.59500122070312,153.6699981689453,153.6699981689453,56861
2026-08-10 12:40:00,153.69000244140625,153.75,153.38009643554688,153.69830322265625,153.69830322265625,64869
2026-08-10 12:45:00,153.68499755859375,153.80499267578125,153.52000427246094,153.52000427246094,153.52000427246094,51908
2026-08-10 12:50:00,153.57000732421875,153.82000732421875,153.3699951171875,153.4199981689453,153.4199981689453,70901
2026-08-10 12:55:00,153.41000366210938,154.093505859375,153.36000061035156,154.03500366210938,154.03500366210938,71535
2026-08-10 13:00:00,154.02000427246094,154.25999450683594,153.92999267578125,154.02000427246094,154.02000427246094,68705
2026-08-10 13:05:00,153.97999572753906,154.2100067138672,153.80130004882812,154.19000244140625,154.19000244140625,88714
2026-08-10 13:10:00,154.24000549316406,154.52999877929688,154.20010375976562,154.4499969482422,154.4499969482422,81136
2026-08-10 13:15:00,154.4499969482422,154.47000122070312,154.22999572753906,154.24000549316406,154.24000549316406,67005
2026-08-10 13:20:00,154.22500610351562,154.5,154.22500610351562,154.42999267578125,154.42999267578125,54731
2026-08-10 13:25:00,154.42820739746094,154.51499938964844,154.3300018310547,154.42999267578125,154.42999267578125,54278
2026-08-10 13:30:00,154.41000366210938,154.42999267578125,153.9949951171875,154.0800018310547,154.0800018310547,74454
2026-08-10 13:35:00,154.08059692382812,154.36000061035156,154.0800018310547,154.27999877929688,154.27999877929688,139611
2026-08-10 13:40:00,154.2899932861328,154.35000610351562,154.22999572753906,154.2899932861328,154.2899932861328,48671
2026-08-10 13:45:00,154.24000549316406,154.32000732421875,154.11000061035156,154.2899932861328,154.2899932861328,54401
2026-08-10 13:50:00,154.30999755859375,154.3699951171875,154.14500427246094,154.2100067138672,154.2100067138672,56772
2026-08-10 13:55:00,154.2158966064453,154.3699951171875,154.1750030517578,154.36000061035156,154.36000061035156,60193
2026-08-10 14:00:00,154.3800048828125,154.47500610351562,154.3101043701172,154.33999633789062,154.33999633789062,62702
2026-08-10 14:05:00,154.33999633789062,154.39999389648438,154.10000610351562,154.32000732421875,154.32000732421875,67875
2026-08-10 14:10:00,154.32000732421875,154.67999267578125,154.1750030517578,154.64999389648438,154.64999389648438,70056
2026-08-10 14:15:00,154.60000610351562,155.0399932861328,154.53500366210938,154.81500244140625,154.81500244140625,138989
2026-08-10 14:20:00,154.82000732421875,155.17999267578125,154.72999572753906,154.84500122070312,154.84500122070312,104712
2026-08-10 14:25:00,154.81500244140625,154.91000366210938,154.67999267578125,154.88999938964844,154.88999938964844,52204
2026-08-10 14:30:00,154.89999389648438,155.15499877929688,154.8699951171875,154.9499969482422,154.9499969482422,93227
2026-08-10 14:35:00,154.97000122070312,155.17999267578125,154.97000122070312,155.11000061035156,155.11000061035156,96679
2026-08-10 14:40:00,155.1300048828125,155.4199981689453,155.12010192871094,155.3249969482422,155.3249969482422,109276
2026-08-10 14:45:00,155.3300018310547,155.33999633789062,154.97999572753906,155.1699981689453,155.1699981689453,114060
2026-08-10 14:50:00,155.14999389648438,155.22999572753906,154.8800048828125,154.91000366210938,154.91000366210938,82218
2026-08-10 14:55:00,154.89599609375,155.1300048828125,154.8365936279297,154.97000122070312,154.97000122070312,68150
2026-08-10 15:00:00,154.9600067138672,155.1649932861328,154.75,154.8699951171875,154.8699951171875,94501
2026-08-10 15:05:00,154.8699951171875,155.0,154.61000061035156,154.9499969482422,154.9499969482422,77394
2026-08-10 15:10:00,154.91639709472656,155.39999389648438,154.91639709472656,155.39999389648438,155.39999389648438,109958
2026-08-10 15:15:00,155.39999389648438,155.39999389648438,155.00999450683594,155.08999633789062,155.08999633789062,133975
2026-08-10 15:20:00,155.11000061035156,155.11500549316406,154.77999877929688,154.8300018310547,154.8300018310547,99678
2026-08-10 15:25:00,154.8249969482422,155.0500030517578,154.72999572753906,154.97999572753906,154.97999572753906,142455
2026-08-10 15:30:00,154.99000549316406,155.0850067138672,154.8699951171875,155.0850067138672,155.0850067138672,107445
2026-08-10 15:35:00,155.0800018310547,155.24000549316406,155.02000427246094,155.1699981689453,155.1699981689453,158837
2026-08-10 15:40:00,155.19000244140625,155.4199981689453,155.19000244140625,155.3800048828125,155.3800048828125,189393
2026-08-10 15:45:00,155.38999938964844,155.49000549316406,155.10000610351562,155.35000610351562,155.35000610351562,185613
2026-08-10 15:50:00,155.3350067138672,155.6199951171875,155.1699981689453,155.5,155.5,383213
2026-08-10 15:55:00,155.52000427246094,155.53500366210938,155.08999633789062,155.17999267578125,155.17999267578125,2269446
2026-08-11 09:30:00,153.85000610351562,155.0,152.02999877929688,152.19500732421875,152.19500732421875,203457
2026-08-11 09:35:00,152.19000244140625,152.92999267578125,151.8800048828125,152.77000427246094,152.77000427246094,69294
2026-08-11 09:40:00,152.7550048828125,153.0,152.24000549316406,152.36000061035156,152.36000061035156,112144
2026-08-11 09:45:00,152.3699951171875,153.0500030517578,151.75,152.52000427246094,152.52000427246094,98466
2026-08-11 09:50:00,152.52999877929688,153.2100067138672,151.80999755859375,152.83999633789062,152.83999633789062,140398
2026-08-11 09:55:00,152.83999633789062,153.7899932861328,152.7646026611328,153.57000732421875,153.57000732421875,65016
2026-08-11 10:00:00,153.50999450683594,153.57899475097656,152.82000732421875,153.4250030517578,153.4250030517578,90067
2026-08-11 10:05:00,153.4199981689453,153.5800018310547,152.63999938964844,152.8800048828125,152.8800048828125,63231
2026-08-11 10:10:00,152.88499450683594,153.17999267578125,152.8300018310547,152.93499755859375,152.93499755859375,66342
2026-08-11 10:15:00,152.8916015625,152.97999572753906,152.25,152.6699981689453,152.6699981689453,57608
2026-08-11 10:20:00,152.7449951171875,152.97999572753906,152.47999572753906,152.58999633789062,152.58999633789062,87413
2026-08-11 10:25:00,152.5800018310547,153.24000549316406,152.52999877929688,153.02000427246094,153.02000427246094,46229
2026-08-11 10:30:00,152.97500610351562,153.42999267578125,152.8000030517578,153.30999755859375,153.30999755859375,58721
2026-08-11 10:35:00,153.38999938964844,153.77999877929688,153.35000610351562,153.65719604492188,153.65719604492188,48031
2026-08-11 10:40:00,153.7899932861328,154.16000366210938,153.60000610351562,154.08399963378906,154.08399963378906,41725
2026-08-11 10:45:00,154.13999938964844,154.33999633789062,153.80999755859375,153.84500122070312,153.84500122070312,60744
2026-08-11 10:50:00,153.8000030517578,153.99989318847656,153.49000549316406,153.83009338378906,153.83009338378906,57311
2026-08-11 10:55:00,153.8300018310547,154.22000122070312,153.6199951171875,154.16000366210938,154.16000366210938,48659
2026-08-11 11:00:00,154.2100067138672,154.33999633789062,153.39649963378906,153.39649963378906,153.39649963378906,57605
2026-08-11 11:05:00,153.47000122070312,153.63999938964844,153.25,153.52999877929688,153.52999877929688,48825
2026-08-11 11:10:00,153.5050048828125,153.6300048828125,153.1999969482422,153.30999755859375,153.30999755859375,29167
2026-08-11 11:15:00,153.30999755859375,153.57000732421875,153.19500732421875,153.57000732421875,153.57000732421875,42291
2026-08-11 11:20:00,153.63999938964844,153.64999389648438,153.4550018310547,153.52000427246094,153.52000427246094,27707
2026-08-11 11:25:00,153.52999877929688,153.52999877929688,153.07000732421875,153.1199951171875,153.1199951171875,47129
2026-08-11 11:30:00,153.1396942138672,153.25,152.66000366210938,152.67999267578125,152.67999267578125,65756
2026-08-11 11:35:00,152.69000244140625,152.76499938964844,152.44000244140625,152.58990478515625,152.58990478515625,53446
2026-08-11 11:40:00,152.44000244140625,152.47320556640625,152.16000366210938,152.25999450683594,152.25999450683594,57861
2026-08-11 11:45:00,152.2100067138672,152.25999450683594,151.55999755859375,151.88999938964844,151.88999938964844,130381
2026-08-11 11:50:00,151.83999633789062,152.23500061035156,151.6300048828125,152.14999389648438,152.14999389648438,88689
2026-08-11 11:55:00,152.1649932861328,152.74000549316406,152.1649932861328,152.66000366210938,152.66000366210938,43999
2026-08-11 12:00:00,152.6302947998047,152.83999633789062,152.55999755859375,152.82200622558594,152.82200622558594,35670
2026-08-11 12:05:00,152.82000732421875,153.25,152.77999877929688,153.1300048828125,153.1300048828125,49547
2026-08-11 12:10:00,153.10009765625,153.19000244140625,152.625,152.72500610351562,152.72500610351562,42646
2026-08-11 12:15:00,152.77000427246094,152.85000610351562,152.51010131835938,152.57000732421875,152.57000732421875,18089
2026-08-11 12:20:00,152.60000610351562,152.64500427246094,152.3699951171875,152.47999572753906,152.47999572753906,23837
2026-08-11 12:25:00,152.44000244140625,152.8000030517578,152.32000732421875,152.77999877929688,152.77999877929688,40604
2026-08-11 12:30:00,152.7949981689453,152.97999572753906,152.77000427246094,152.7899932861328,152.7899932861328,84788
2026-08-11 12:35:00,152.76499938964844,153.2100067138672,152.76499938964844,153.0,153.0,41740
2026-08-11 12:40:00,152.86000061035156,153.11000061035156,152.86000061035156,153.0850067138672,153.0850067138672,34752
2026-08-11 12:45:00,153.0850067138672,153.14999389648438,152.74510192871094,153.10000610351562,153.10000610351562,50369
2026-08-11 12:50:00,153.14999389648438,153.16000366210938,152.83790588378906,152.99000549316406,152.99000549316406,32468
2026-08-11 12:55:00,153.00999450683594,153.0449981689453,152.8000030517578,152.8000030517578,152.8000030517578,46198
2026-08-11 13:00:00,152.8000030517578,153.0,152.7700958251953,152.80499267578125,152.80499267578125,37489
2026-08-11 13:05:00,152.82000732421875,153.00999450683594,152.80999755859375,152.91000366210938,152.91000366210938,32602
2026-08-11 13:10:00,152.8800048828125,153.0500030517578,152.8800048828125,152.89999389648438,152.89999389648438,44112
2026-08-11 13:15:00,152.90499877929688,152.90499877929688,152.67999267578125,152.67999267578125,152.67999267578125,28544
2026-08-11 13:20:00,152.6699981689453,152.8300018310547,152.58999633789062,152.8300018310547,152.8300018310547,26432
2026-08-11 13:25:00,152.85000610351562,152.89999389648438,152.6999969482422,152.75,152.75,36215
2026-08-11 13:30:00,152.74000549316406,152.74000549316406,152.5050048828125,152.52999877929688,152.52999877929688,83026
2026-08-11 13:35:00,152.51499938964844,152.60000610351562,152.39999389648438,152.5,152.5,35215
2026-08-11 13:40:00,152.5,152.82000732421875,152.42999267578125,152.77999877929688,152.77999877929688,60480
2026-08-11 13:45:00,152.77999877929688,152.77999877929688,152.5615997314453,152.63999938964844,152.63999938964844,41355
2026-08-11 13:50:00,152.65499877929688,152.75,152.58999633789062,152.6300048828125,152.6300048828125,38642
2026-08-11 13:55:00,152.6199951171875,152.6699981689453,152.48500061035156,152.52000427246094,152.52000427246094,118833
2026-08-11 14:00:00,152.5399932861328,152.74400329589844,152.47999572753906,152.5800018310547,152.5800018310547,34600
2026-08-11 14:05:00,152.5800018310547,152.6699981689453,152.4499969482422,152.6300048828125,152.6300048828125,37763
2026-08-11 14:10:00,152.62750244140625,152.77000427246094,152.55999755859375,152.6051025390625,152.6051025390625,31858
2026-08-11 14:15:00,152.60499572753906,152.6999969482422,152.5850067138672,152.61000061035156,152.61000061035156,23868
2026-08-11 14:20:00,152.60499572753906,153.05999755859375,152.55999755859375,152.93499755859375,152.93499755859375,36762
2026-08-11 14:25:00,152.92999267578125,152.99000549316406,152.6699981689453,152.74000549316406,152.74000549316406,36834
2026-08-11 14:30:00,152.74000549316406,152.9550018310547,152.74000549316406,152.80999755859375,152.80999755859375,33949
2026-08-11 14:35:00,152.80999755859375,152.9600067138672,152.74000549316406,152.74000549316406,152.74000549316406,49813
2026-08-11 14:40:00,152.72000122070312,152.72000122070312,152.3300018310547,152.42999267578125,152.42999267578125,88164
2026-08-11 14:45:00,152.4499969482422,152.72999572753906,152.4499969482422,152.6999969482422,152.6999969482422,33314
2026-08-11 14:50:00,152.7100067138672,152.80999755859375,152.61000061035156,152.6649932861328,152.6649932861328,38309
2026-08-11 14:55:00,152.6699981689453,152.6699981689453,152.5500946044922,152.55999755859375,152.55999755859375,54675
2026-08-11 15:00:00,152.55499267578125,152.58999633789062,152.3300018310547,152.50999450683594,152.50999450683594,75985
2026-08-11 15:05:00,152.52999877929688,152.5399932861328,152.07009887695312,152.50999450683594,152.50999450683594,89749
2026-08-11 15:10:00,152.50999450683594,152.89999389648438,152.4822998046875,152.89999389648438,152.89999389648438,51649
2026-08-11 15:15:00,152.9199981689453,152.9499969482422,152.63290405273438,152.65499877929688,152.65499877929688,55547
2026-08-11 15:20:00,152.63999938964844,152.77000427246094,152.44000244140625,152.4499969482422,152.4499969482422,61446
2026-08-11 15:25:00,152.5,152.81500244140625,152.49000549316406,152.81500244140625,152.81500244140625,70304
2026-08-11 15:30:00,152.8300018310547,153.25,152.8000030517578,153.16000366210938,153.16000366210938,105506
2026-08-11 15:35:00,153.16000366210938,153.1699981689453,152.96499633789062,153.08999633789062,153.08999633789062,91399
2026-08-11 15:40:00,153.11500549316406,153.25999450683594,153.0749969482422,153.2550048828125,153.2550048828125,98409
2026-08-11 15:45:00,153.25999450683594,153.47959899902344,153.14999389648438,153.33999633789062,153.33999633789062,163682
2026-08-11 15:50:00,153.32000732421875,153.32000732421875,152.64999389648438,152.7100067138672,152.7100067138672,196491
2026-08-11 15:55:00,152.67999267578125,152.72999572753906,152.44009399414062,152.60000610351562,152.60000610351562,542562
2026-08-12 09:30:00,151.7449951171875,153.0,151.5,152.76499938964844,152.76499938964844,181290
2026-08-12 09:35:00,152.92999267578125,153.47140502929688,152.47000122070312,152.5500030517578,152.5500030517578,83181
2026-08-12 09:40:00,152.61709594726562,153.27999877929688,151.48500061035156,151.64999389648438,151.64999389648438,161412
2026-08-12 09:45:00,151.6649932861328,152.1199951171875,151.22999572753906,151.33999633789062,151.33999633789062,138169
2026-08-12 09:50:00,151.30250549316406,151.35000610351562,150.75,151.19000244140625,151.19000244140625,163366
2026-08-12 09:55:00,151.2100067138672,151.52499389648438,150.72999572753906,151.27499389648438,151.27499389648438,65659
2026-08-12 10:00:00,151.27499389648438,151.3000030517578,150.4199981689453,150.55999755859375,150.55999755859375,113166
2026-08-12 10:05:00,150.5399932861328,151.3300018310547,150.38999938964844,151.25999450683594,151.25999450683594,48038
2026-08-12 10:10:00,151.22999572753906,151.55230712890625,150.6199951171875,150.66000366210938,150.66000366210938,84133
2026-08-12 10:15:00,150.58999633789062,151.0,149.94000244140625,150.0,150.0,91304
2026-08-12 10:20:00,150.03500366210938,150.72999572753906,150.03500366210938,150.716796875,150.716796875,50682
2026-08-12 10:25:00,150.64999389648438,150.94000244140625,150.3699951171875,150.38999938964844,150.38999938964844,35526
2026-08-12 10:30:00,150.2884979248047,150.9949951171875,150.22000122070312,150.7050018310547,150.7050018310547,64838
2026-08-12 10:35:00,150.5800018310547,150.83999633789062,150.41000366210938,150.4600067138672,150.4600067138672,32095
2026-08-12 10:40:00,150.4600067138672,150.4600067138672,150.0500030517578,150.27000427246094,150.27000427246094,64193
2026-08-12 10:45:00,150.3300018310547,150.5500030517578,149.89999389648438,150.0399932861328,150.0399932861328,62006
2026-08-12 10:50:00,150.0800018310547,150.5,149.97999572753906,150.41000366210938,150.41000366210938,41912
2026-08-12 10:55:00,150.39500427246094,150.5399932861328,150.3000030517578,150.53500366210938,150.53500366210938,34479
2026-08-12 11:00:00,150.65170288085938,150.72000122070312,150.19000244140625,150.19000244140625,150.19000244140625,43517
2026-08-12 11:05:00,150.19000244140625,150.34500122070312,149.92999267578125,150.23500061035156,150.23500061035156,48699
2026-08-12 11:10:00,150.23500061035156,150.3300018310547,149.91000366210938,149.98170471191406,149.98170471191406,54712
2026-08-12 11:15:00,150.0,150.15480041503906,149.77999877929688,149.86000061035156,149.86000061035156,44061
2026-08-12 11:20:00,149.89999389648438,150.0399932861328,149.7801055908203,149.92999267578125,149.92999267578125,22415
2026-08-12 11:25:00,149.9199981689453,150.06500244140625,149.72000122070312,150.01499938964844,150.01499938964844,43269
2026-08-12 11:30:00,150.05999755859375,150.10000610351562,149.77389526367188,149.84500122070312,149.84500122070312,31095
2026-08-12 11:35:00,149.79010009765625,150.0,149.7100067138672,149.9600067138672,149.9600067138672,52751
2026-08-12 11:40:00,149.91000366210938,150.2899932861328,149.88999938964844,150.0399932861328,150.0399932861328,42653
2026-08-12 11:45:00,150.00999450683594,150.1199951171875,149.8699951171875,149.9199981689453,149.9199981689453,24245
2026-08-12 11:50:00,150.00999450683594,150.00999450683594,149.60000610351562,149.7100067138672,149.7100067138672,47730
2026-08-12 11:55:00,149.69000244140625,149.75,149.4199981689453,149.42999267578125,149.42999267578125,46786
2026-08-12 12:00:00,149.4499969482422,149.94000244140625,149.4499969482422,149.82000732421875,149.82000732421875,37170
2026-08-12 12:05:00,149.8800048828125,149.8800048828125,149.55999755859375,149.86500549316406,149.86500549316406,25674
2026-08-12 12:10:00,149.90679931640625,149.90679931640625,149.48939514160156,149.5800018310547,149.5800018310547,57408
2026-08-12 12:15:00,149.5749969482422,149.89999389648438,149.57000732421875,149.61000061035156,149.61000061035156,44132
2026-08-12 12:20:00,149.63999938964844,149.72000122070312,149.35000610351562,149.4949951171875,149.4949951171875,49414
2026-08-12 12:25:00,149.50999450683594,149.61000061035156,149.4600067138672,149.61000061035156,149.61000061035156,29806
2026-08-12 12:30:00,149.77000427246094,149.7899932861328,149.4600067138672,149.50999450683594,149.50999450683594,32083
2026-08-12 12:35:00,149.52000427246094,149.75,149.51499938964844,149.75,149.75,23895
2026-08-12 12:40:00,149.80419921875,149.82000732421875,149.60000610351562,149.63999938964844,149.63999938964844,24199
2026-08-12 12:45:00,149.6199951171875,149.72999572753906,149.32000732421875,149.3699951171875,149.3699951171875,50673
2026-08-12 12:50:00,149.4199981689453,149.4600067138672,149.18499755859375,149.18499755859375,149.18499755859375,30305
2026-08-12 12:55:00,149.16000366210938,149.23500061035156,149.02000427246094,149.17999267578125,149.17999267578125,45045
2026-08-12 13:00:00,149.13999938964844,149.17999267578125,148.8000030517578,148.81500244140625,148.81500244140625,50367
2026-08-12 13:05:00,148.80499267578125,148.92999267578125,148.70509338378906,148.8350067138672,148.8350067138672,67098
2026-08-12 13:10:00,148.8000030517578,149.05999755859375,148.7100067138672,148.97000122070312,148.97000122070312,56654
2026-08-12 13:15:00,148.9499969482422,149.00999450683594,148.77000427246094,148.92999267578125,148.92999267578125,47459
2026-08-12 13:20:00,148.9199981689453,149.02000427246094,148.8699951171875,148.9199981689453,148.9199981689453,40114
2026-08-12 13:25:00,148.92469787597656,148.97999572753906,148.69500732421875,148.75999450683594,148.75999450683594,32669
2026-08-12 13:30:00,148.75999450683594,149.25,148.7200927734375,149.2259063720703,149.2259063720703,52261
2026-08-12 13:35:00,149.2100067138672,149.27999877929688,149.02499389648438,149.1999969482422,149.1999969482422,38054
2026-08-12 13:40:00,149.24000549316406,149.42999267578125,149.22999572753906,149.3699951171875,149.3699951171875,37235
2026-08-12 13:45:00,149.35000610351562,149.39999389648438,149.1300048828125,149.16810607910156,149.16810607910156,26568
2026-08-12 13:50:00,149.1649932861328,149.19000244140625,148.9199981689453,149.00999450683594,149.00999450683594,28608
2026-08-12 13:55:00,148.97999572753906,149.00999450683594,148.77499389648438,148.88499450683594,148.88499450683594,44770
2026-08-12 14:00:00,148.89999389648438,149.25,148.83999633789062,149.2050018310547,149.2050018310547,41438
2026-08-12 14:05:00,149.2050018310547,149.58999633789062,149.1699981689453,149.32000732421875,149.32000732421875,79099
2026-08-12 14:10:00,149.28500366210938,149.47999572753906,149.25,149.32000732421875,149.32000732421875,24930
2026-08-12 14:15:00,149.36000061035156,149.4499053955078,149.16000366210938,149.17999267578125,149.17999267578125,42195
2026-08-12 14:20:00,149.18499755859375,149.25999450683594,148.99049377441406,149.02999877929688,149.02999877929688,31364
2026-08-12 14:25:00,149.0500030517578,149.11000061035156,148.86000061035156,149.05999755859375,149.05999755859375,52668
2026-08-12 14:30:00,149.07000732421875,149.17999267578125,149.04910278320312,149.14999389648438,149.14999389648438,48808
2026-08-12 14:35:00,149.17999267578125,149.2100067138672,149.0449981689453,149.13999938964844,149.13999938964844,31910
2026-08-12 14:40:00,149.14999389648438,149.14999389648438,148.9600067138672,149.0,149.0,45621
2026-08-12 14:45:00,149.0050048828125,149.14999389648438,148.8800048828125,149.14999389648438,149.14999389648438,49864
2026-08-12 14:50:00,149.1555938720703,149.24989318847656,149.08999633789062,149.19000244140625,149.19000244140625,28194
2026-08-12 14:55:00,149.1699981689453,149.29989624023438,149.02999877929688,149.0449981689453,149.0449981689453,76559
2026-08-12 15:00:00,149.05999755859375,149.4149932861328,149.05999755859375,149.17999267578125,149.17999267578125,56620
2026-08-12 15:05:00,149.1199951171875,149.22999572753906,148.92999267578125,149.16000366210938,149.16000366210938,119590
2026-08-12 15:10:00,149.15499877929688,149.15499877929688,148.9949951171875,149.0800018310547,149.0800018310547,41774
2026-08-12 15:15:00,149.05999755859375,149.22000122070312,149.02499389648438,149.13999938964844,149.13999938964844,42651
2026-08-12 15:20:00,149.11000061035156,149.1300048828125,149.0399932861328,149.06500244140625,149.06500244140625,43256
2026-08-12 15:25:00,149.07000732421875,149.32000732421875,149.0605926513672,149.32000732421875,149.32000732421875,79988
2026-08-12 15:30:00,149.35000610351562,149.77499389648438,149.32000732421875,149.4199981689453,149.4199981689453,112804
2026-08-12 15:35:00,149.4600067138672,149.72999572753906,149.41000366210938,149.70590209960938,149.70590209960938,69045
2026-08-12 15:40:00,149.6699981689453,150.375,149.66000366210938,150.375,150.375,113086
2026-08-12 15:45:00,150.36000061035156,150.4499969482422,150.32000732421875,150.39500427246094,150.39500427246094,95546
2026-08-12 15:50:00,150.38999938964844,150.78500366210938,150.25,150.73500061035156,150.73500061035156,231459
2026-08-12 15:55:00,150.75999450683594,150.85000610351562,150.3000030517578,150.4499969482422,150.4499969482422,329256
2026-08-12 16:00:00,150.41,150.49,150.24,150.41,150.41,407856
2026-08-12 16:05:00,150.0807,150.5,150.0701,150.48,150.48,0
2026-08-12 16:10:00,150.41,150.41,150.07,150.1,150.1,0
2026-08-12 16:15:00,150.41,150.41,150.07,150.2,150.2,0
2026-08-12 16:20:00,150.41,150.41,150.29,150.39,150.39,0
2026-08-12 16:25:00,150.39,150.39,150.17,150.17,150.17,0
2026-08-12 16:30:00,150.15,150.4017,150.15,150.4017,150.4017,0
2026-08-12 16:35:00,150.4,150.41,150.0712,150.2028,150.2028,0
2026-08-12 16:40:00,150.15,150.15,150.15,150.15,150.15,0
2026-08-12 16:45:00,150.0701,150.205,150.0701,150.205,150.205,0
2026-08-12 16:50:00,150.1754,150.41,150.1754,150.41,150.41,0
2026-08-12 16:55:00,150.2162,150.27,150.2162,150.25,150.25,0
2026-08-12 17:00:00,150.15,150.6446,150.07,150.07,150.07,0
2026-08-12 17:05:00,150.24,150.27,150.15,150.15,150.15,0
2026-08-12 17:10:00,150.25,150.25,150.2045,150.2045,150.2045,0
2026-08-12 17:15:00,150.24,150.24,150.24,150.24,150.24,0
2026-08-12 17:20:00,150.3,150.5,150.24,150.24,150.24,0
2026-08-12 17:25:00,150.5,150.5,150.07,150.2,150.2,0
2026-08-12 17:30:00,150.139,150.4,150.139,150.4,150.4,0
2026-08-12 17:35:00,150.4,150.41,150.24,150.41,150.41,0
2026-08-12 17:40:00,150.39,150.39,150.07,150.154,150.154,0
2026-08-12 17:45:00,150.1204,150.1366,150.1038,150.1366,150.1366,0
2026-08-12 17:50:00,150.17,150.4334,150.1366,150.31,150.31,0
2026-08-12 18:00:00,150.24,150.24,150.24,150.24,150.24,0
2026-08-12 18:05:00,150.4,150.4,150.4,150.4,150.4,0
2026-08-12 18:10:00,150.4882,150.4882,150.1303,150.1303,150.1303,0
2026-08-12 18:15:00,150.17,150.17,150.03,150.03,150.03,0
2026-08-12 18:20:00,150.15,150.15,150.15,150.15,150.15,0
2026-08-12 18:30:00,150.152,150.152,150.152,150.152,150.152,0
2026-08-12 18:40:00,150.16,150.5,150.16,150.17,150.17,0
2026-08-12 18:45:00,150.4272,150.4272,150.4272,150.4272,150.4272,0
2026-08-12 18:50:00,150.265,150.265,150.0842,150.0842,150.0842,0
2026-08-12 18:55:00,150.0387,150.0387,150.0387,150.0387,150.0387,0
2026-08-12 19:00:00,150.1567,150.31,150.1288,150.148,150.148,0
2026-08-12 19:05:00,150.1485,150.4272,150.1485,150.4272,150.4272,0
2026-08-12 19:10:00,150.31,150.31,150.31,150.31,150.31,0
2026-08-12 19:15:00,150.5,150.5,150.15,150.15,150.15,0
2026-08-12 19:20:00,150.1,150.1,150.1,150.1,150.1,0
2026-08-12 19:25:00,150.1,150.4272,150.1,150.4272,150.4272,0
2026-08-12 19:30:00,150.1366,150.14,150.1,150.14,150.14,0
2026-08-12 19:35:00,150.14,150.4272,150.03,150.4272,150.4272,0
2026-08-12 19:40:00,150.03,150.4069,150.03,150.4069,150.4069,0
2026-08-12 19:45:00,150.3983,150.3983,150.1028,150.1028,150.1028,0
2026-08-12 19:50:00,150.22,150.36,150.22,150.36,150.36,0
2026-08-12 19:55:00,150.13,150.14,150.1,150.13,150.13,0
2026-08-13 04:00:00,150.53,150.76,148.952,150.14,150.14,0
2026-08-13 04:10:00,150.3,150.3,150.3,150.3,150.3,0
2026-08-13 04:15:00,150.6,150.65,150.59,150.64,150.64,0
2026-08-13 04:20:00,150.78,150.87,150.78,150.85,150.85,0
2026-08-13 04:30:00,150.3,150.873,150.3,150.873,150.873,0
2026-08-13 04:40:00,150.72,150.72,150.67,150.67,150.67,0
2026-08-13 04:45:00,150.3012,150.3012,150.3012,150.3012,150.3012,0
2026-08-13 04:50:00,150.72,150.72,150.67,150.67,150.67,0
2026-08-13 04:55:00,150.72,150.72,150.67,150.67,150.67,0
2026-08-13 05:00:00,150.72,150.72,150.7,150.7,150.7,0
2026-08-13 05:05:00,150.4512,150.4512,150.4512,150.4512,150.4512,0
2026-08-13 05:10:00,150.87,150.87,150.87,150.87,150.87,0
2026-08-13 05:15:00,150.81,150.81,150.81,150.81,150.81,0
2026-08-13 05:25:00,150.9327,150.9327,150.9327,150.9327,150.9327,0
2026-08-13 05:30:00,150.98,150.98,150.98,150.98,150.98,0
2026-08-13 05:40:00,150.99,150.99,150.99,150.99,150.99,0
2026-08-13 05:55:00,150.78,150.78,150.78,150.78,150.78,0
2026-08-13 06:00:00,150.85,150.85,150.85,150.85,150.85,0
2026-08-13 06:05:00,150.8,150.8,150.8,150.8,150.8,0
2026-08-13 06:10:00,150.8,150.99,150.8,150.99,150.99,0
2026-08-13 06:15:00,150.86,150.86,150.86,150.86,150.86,0
2026-08-13 06:20:00,150.86,150.86,150.86,150.86,150.86,0
2026-08-13 06:30:00,150.4512,150.4512,150.4512,150.4512,150.4512,0
2026-08-13 06:35:00,150.9765,150.9765,150.9765,150.9765,150.9765,0
2026-08-13 06:40:00,150.9888,150.9888,150.98,150.98,150.98,0
2026-08-13 06:45:00,150.87,150.98,150.87,150.98,150.98,0
2026-08-13 06:55:00,150.98,150.98,150.98,150.98,150.98,0
2026-08-13 07:00:00,150.55,150.82,150.55,150.82,150.82,0
2026-08-13 07:05:00,150.79,150.79,150.74,150.74,150.74,0
2026-08-13 07:10:00,150.88,150.9141,150.72,150.9141,150.9141,0
2026-08-13 07:15:00,150.79,150.99,150.5012,150.5012,150.5012,0
2026-08-13 07:20:00,150.79,150.79,150.79,150.79,150.79,0
2026-08-13 07:25:00,150.99,150.99,150.99,150.99,150.99,0
2026-08-13 07:30:00,150.79,150.9888,150.75,150.87,150.87,0
2026-08-13 07:35:00,150.75,150.83,150.75,150.82,150.82,0
2026-08-13 07:40:00,150.85,150.98,150.8005,150.98,150.98,0
2026-08-13 07:45:00,150.8,150.8,150.8,150.8,150.8,0
2026-08-13 07:50:00,150.87,150.87,150.87,150.87,150.87,0
2026-08-13 07:55:00,150.9,150.9899,150.84,150.84,150.84,0
2026-08-13 08:00:00,150.9,150.9,150.66,150.8845,150.8845,0
2026-08-13 08:05:00,150.88,151.0,150.7925,150.7925,150.7925,0
2026-08-13 08:10:00,150.91,151.3,150.91,151.2,151.2,0
2026-08-13 08:15:00,151.0,151.07,150.9,151.05,151.05,0
2026-08-13 08:25:00,151.3,151.3,150.5,150.5,150.5,0
2026-08-13 08:30:00,151.0,151.0,151.0,151.0,151.0,0
2026-08-13 08:35:00,151.0667,151.0667,151.0,151.0,151.0,0
2026-08-13 08:40:00,151.3,151.3,151.2,151.2,151.2,0
2026-08-13 08:45:00,151.0529,151.0529,151.0529,151.0529,151.0529,0
2026-08-13 08:55:00,151.13,151.13,151.13,151.13,151.13,0
2026-08-13 09:00:00,151.3,151.6,151.0,151.6,151.6,0
2026-08-13 09:10:00,151.0,151.507,151.0,151.507,151.507,0
2026-08-13 09:15:00,151.4,151.6,151.01,151.6,151.6,0
2026-08-13 09:20:00,151.1058,151.4875,151.02,151.4875,151.4875,0
2026-08-13 09:25:00,151.22,152.22,151.1012,152.22,152.22,0
2026-08-13 09:30:00,152.3000030517578,152.9499969482422,151.3759002685547,152.0500030517578,152.0500030517578,156369
2026-08-13 09:35:00,152.2899932861328,152.6999969482422,151.7449951171875,152.30189514160156,152.30189514160156,68697
2026-08-13 09:40:00,152.36500549316406,152.58999633789062,151.3000030517578,151.5,151.5,57984
2026-08-13 09:45:00,151.4949951171875,151.86000061035156,151.12010192871094,151.75,151.75,91131
2026-08-13 09:50:00,151.7899932861328,151.99899291992188,151.5,151.68580627441406,151.68580627441406,55924
2026-08-13 09:55:00,151.75999450683594,152.0500030517578,151.34979248046875,151.85000610351562,151.85000610351562,77159
2026-08-13 10:00:00,151.8350067138672,153.08999633789062,151.8000030517578,152.77000427246094,152.77000427246094,87186
2026-08-13 10:05:00,152.8300018310547,153.61000061035156,152.7899932861328,153.50999450683594,153.50999450683594,115961
2026-08-13 10:10:00,153.57000732421875,154.2100067138672,153.30999755859375,153.97000122070312,153.97000122070312,104837
2026-08-13 10:15:00,153.92999267578125,154.72999572753906,153.83999633789062,154.72999572753906,154.72999572753906,124150
2026-08-13 10:20:00,154.72000122070312,154.92999267578125,154.38999938964844,154.50999450683594,154.50999450683594,96855
2026-08-13 10:25:00,154.5,154.66000366210938,153.82000732421875,154.19500732421875,154.19500732421875,101912
2026-08-13 10:30:00,154.16000366210938,154.4499969482422,153.83999633789062,153.98500061035156,153.98500061035156,159015
2026-08-13 10:35:00,153.9875030517578,154.30499267578125,153.67999267578125,154.10000610351562,154.10000610351562,94967
2026-08-13 10:40:00,154.11000061035156,154.4799041748047,153.95489501953125,154.22999572753906,154.22999572753906,69800
2026-08-13 10:45:00,154.18499755859375,154.2100067138672,153.5330047607422,153.72999572753906,153.72999572753906,63775
2026-08-13 10:50:00,153.6699981689453,154.09500122070312,153.29010009765625,153.6999969482422,153.6999969482422,82927
2026-08-13 10:55:00,153.7100067138672,153.75,153.25140380859375,153.3000030517578,153.3000030517578,78364
2026-08-13 11:00:00,153.30499267578125,153.52999877929688,153.25999450683594,153.4250030517578,153.4250030517578,57545
2026-08-13 11:05:00,153.41000366210938,153.5800018310547,153.22999572753906,153.36000061035156,153.36000061035156,43976
2026-08-13 11:10:00,153.3699951171875,153.42999267578125,152.91000366210938,152.97000122070312,152.97000122070312,84536
2026-08-13 11:15:00,152.94000244140625,153.40499877929688,152.80999755859375,153.40499877929688,153.40499877929688,50719
2026-08-13 11:20:00,153.41000366210938,153.41000366210938,152.47000122070312,152.47500610351562,152.47500610351562,66146
2026-08-13 11:25:00,152.52999877929688,152.61000061035156,151.9149932861328,152.05499267578125,152.05499267578125,123359
2026-08-13 11:30:00,152.0399932861328,152.66000366210938,151.9600067138672,152.5,152.5,104907
2026-08-13 11:35:00,152.53500366210938,152.64500427246094,152.3000030517578,152.64500427246094,152.64500427246094,46481
2026-08-13 11:40:00,152.64500427246094,152.73500061035156,152.3000946044922,152.43499755859375,152.43499755859375,68341
2026-08-13 11:45:00,152.39999389648438,152.5225067138672,152.25999450683594,152.4499969482422,152.4499969482422,52279
2026-08-13 11:50:00,152.3800048828125,152.52000427246094,152.3300018310547,152.42999267578125,152.42999267578125,31051
2026-08-13 11:55:00,152.49000549316406,152.5449981689453,152.27000427246094,152.2899932861328,152.2899932861328,42764
2026-08-13 12:00:00,152.27999877929688,152.57000732421875,152.25999450683594,152.42999267578125,152.42999267578125,46651
2026-08-13 12:05:00,152.44000244140625,152.52000427246094,152.2949981689453,152.36000061035156,152.36000061035156,64681
2026-08-13 12:10:00,152.39999389648438,152.5,152.22500610351562,152.42999267578125,152.42999267578125,45528
2026-08-13 12:15:00,152.4199981689453,152.44000244140625,152.30999755859375,152.35000610351562,152.35000610351562,24658
2026-08-13 12:20:00,152.33999633789062,152.6300048828125,152.2050018310547,152.60000610351562,152.60000610351562,60475
2026-08-13 12:25:00,152.56500244140625,152.8300018310547,152.56500244140625,152.80999755859375,152.80999755859375,74604
2026-08-13 12:30:00,152.83999633789062,152.9600067138672,152.75,152.9600067138672,152.9600067138672,55491
2026-08-13 12:35:00,152.9600067138672,153.07000732421875,152.87100219726562,153.02999877929688,153.02999877929688,34530
2026-08-13 12:40:00,153.02999877929688,153.27000427246094,153.00999450683594,153.24339294433594,153.24339294433594,36782
2026-08-13 12:45:00,153.2550048828125,153.61500549316406,153.1750030517578,153.5800018310547,153.5800018310547,48862
2026-08-13 12:50:00,153.64999389648438,154.0,153.55499267578125,153.83999633789062,153.83999633789062,89880
2026-08-13 12:55:00,153.88999938964844,153.88999938964844,153.76499938964844,153.82000732421875,153.82000732421875,29438
2026-08-13 13:00:00,153.82000732421875,153.8699951171875,153.58999633789062,153.77999877929688,153.77999877929688,42701
2026-08-13 13:05:00,153.7899932861328,153.94500732421875,153.7899932861328,153.89500427246094,153.89500427246094,37115
2026-08-13 13:10:00,153.90969848632812,154.2198944091797,153.8791961669922,154.1699981689453,154.1699981689453,80926
2026-08-13 13:15:00,154.1750030517578,154.4199981689453,154.1699981689453,154.1875,154.1875,78407
2026-08-13 13:20:00,154.22999572753906,154.50999450683594,154.20790100097656,154.3249969482422,154.3249969482422,47028
2026-08-13 13:25:00,154.38999938964844,154.69000244140625,154.36500549316406,154.42999267578125,154.42999267578125,77318
2026-08-13 13:30:00,154.47000122070312,154.57000732421875,154.27789306640625,154.55499267578125,154.55499267578125,71214
2026-08-13 13:35:00,154.55499267578125,154.61500549316406,154.41000366210938,154.5749969482422,154.5749969482422,31081
2026-08-13 13:40:00,154.5749969482422,154.6649932861328,154.42999267578125,154.6300048828125,154.6300048828125,33864
2026-08-13 13:45:00,154.69000244140625,154.84500122070312,154.69000244140625,154.72999572753906,154.72999572753906,38317
2026-08-13 13:50:00,154.73500061035156,154.83999633789062,154.69000244140625,154.8000030517578,154.8000030517578,34236
2026-08-13 13:55:00,154.82000732421875,154.83999633789062,154.72000122070312,154.77999877929688,154.77999877929688,29302
2026-08-13 14:00:00,154.7949981689453,155.07000732421875,154.7949981689453,155.0399932861328,155.0399932861328,94716
2026-08-13 14:05:00,155.07000732421875,155.32000732421875,155.07000732421875,155.27999877929688,155.27999877929688,61743
2026-08-13 14:10:00,155.30999755859375,155.64999389648438,155.30999755859375,155.5998992919922,155.5998992919922,76799
2026-08-13 14:15:00,155.61000061035156,155.7050018310547,155.5500030517578,155.64999389648438,155.64999389648438,42249
2026-08-13 14:20:00,155.7050018310547,155.8000030517578,155.64999389648438,155.71499633789062,155.71499633789062,51506
2026-08-13 14:25:00,155.74000549316406,155.7899932861328,155.64999389648438,155.6750030517578,155.6750030517578,44880
2026-08-13 14:30:00,155.72999572753906,156.5,155.6699981689453,156.47500610351562,156.47500610351562,152286
2026-08-13 14:35:00,156.47999572753906,156.73500061035156,156.27000427246094,156.73500061035156,156.73500061035156,84669
2026-08-13 14:40:00,156.72500610351562,157.35499572753906,156.67750549316406,157.30999755859375,157.30999755859375,124294
2026-08-13 14:45:00,157.26010131835938,157.3800048828125,156.6699981689453,157.2550048828125,157.2550048828125,109361
2026-08-13 14:50:00,157.3000030517578,157.66180419921875,157.10000610351562,157.64500427246094,157.64500427246094,100831
2026-08-13 14:55:00,157.58999633789062,157.6999969482422,157.35000610351562,157.47000122070312,157.47000122070312,84016
2026-08-13 15:00:00,157.4550018310547,158.02999877929688,157.3300018310547,157.96499633789062,157.96499633789062,232416
2026-08-13 15:05:00,157.93499755859375,158.08999633789062,157.7100067138672,157.8300018310547,157.8300018310547,83322
2026-08-13 15:10:00,157.8699951171875,157.9600067138672,157.4510040283203,157.72000122070312,157.72000122070312,121788
2026-08-13 15:15:00,157.73500061035156,157.80499267578125,157.4600067138672,157.4600067138672,157.4600067138672,101830
2026-08-13 15:20:00,157.46499633789062,157.92999267578125,157.4600067138672,157.85000610351562,157.85000610351562,76139
2026-08-13 15:25:00,157.83999633789062,157.94000244140625,157.38999938964844,157.49000549316406,157.49000549316406,103939
2026-08-13 15:30:00,157.47999572753906,157.75,157.42999267578125,157.74000549316406,157.74000549316406,126570
2026-08-13 15:35:00,157.72000122070312,157.72000122070312,157.39999389648438,157.63499450683594,157.63499450683594,148801
2026-08-13 15:40:00,157.66000366210938,158.2100067138672,157.6300048828125,158.1999969482422,158.1999969482422,151384
2026-08-13 15:45:00,158.1750030517578,158.5,158.16000366210938,158.3350067138672,158.3350067138672,168434
2026-08-13 15:50:00,158.32000732421875,158.67999267578125,158.30999755859375,158.67999267578125,158.67999267578125,298765
2026-08-13 15:55:00,158.6999969482422,158.72999572753906,158.3699951171875,158.61000061035156,158.61000061035156,678687
2026-08-13 16:00:00,158.53,158.74,157.01,158.4,158.4,75077
2026-08-13 16:05:00,157.5122,158.44,157.5122,158.0882,158.0882,0
2026-08-13 16:10:00,158.53,158.53,158.0,158.0962,158.0962,0
2026-08-13 16:15:00,158.53,158.53,158.0,158.0,158.0,0
2026-08-13 16:20:00,158.53,158.53,158.0,158.0282,158.0282,0
2026-08-13 16:25:00,158.0012,158.338,158.0,158.0,158.0,0
2026-08-13 16:30:00,158.2667,158.2696,158.0397,158.12,158.12,0
2026-08-13 16:35:00,158.26,158.4,158.11,158.4,158.4,0
2026-08-13 16:40:00,158.2682,158.28,158.0482,158.2535,158.2535,0
2026-08-13 16:45:00,158.2925,158.2925,158.0,158.2,158.2,0
2026-08-13 16:50:00,158.19,158.19,158.105,158.105,158.105,0
2026-08-13 16:55:00,158.1,158.25,158.1,158.1,158.1,0
2026-08-13 17:00:00,158.131,158.53,158.1,158.15,158.15,0
2026-08-13 17:05:00,158.3,158.3,158.01,158.1,158.1,0
2026-08-13 17:10:00,158.3,158.34,158.01,158.01,158.01,0
2026-08-13 17:15:00,158.01,158.3999,158.01,158.399,158.399,0
2026-08-13 17:20:00,158.3,158.3,158.3,158.3,158.3,0
2026-08-13 17:25:00,158.3396,158.4,158.01,158.01,158.01,0
2026-08-13 17:30:00,158.2,158.4,158.2,158.2,158.2,0
2026-08-13 17:35:00,158.0673,158.1,158.055,158.1,158.1,0
2026-08-13 17:40:00,158.3,158.37,158.1,158.1067,158.1067,0
2026-08-13 17:45:00,158.2,158.2,158.1,158.2,158.2,0
2026-08-13 17:50:00,158.37,158.37,158.25,158.25,158.25,0
2026-08-13 17:55:00,158.4,158.4,158.1,158.1,158.1,0
2026-08-13 18:00:00,158.39,158.4,158.39,158.4,158.4,0
2026-08-13 18:05:00,158.1,158.25,158.1,158.1,158.1,0
2026-08-13 18:10:00,158.3988,158.3988,158.23,158.23,158.23,0
2026-08-13 18:15:00,158.4,158.4,158.06,158.111,158.111,0
2026-08-13 18:20:00,158.06,158.06,158.06,158.06,158.06,0
2026-08-13 18:25:00,158.1115,158.3915,158.1115,158.3915,158.3915,0
2026-08-13 18:30:00,158.25,158.4,158.06,158.1105,158.1105,0
2026-08-13 18:35:00,158.4,158.4,158.0601,158.13,158.13,0
2026-08-13 18:40:00,158.2,158.2,158.06,158.1788,158.1788,0
2026-08-13 18:45:00,158.18,158.18,158.063,158.15,158.15,0
2026-08-13 18:50:00,158.2,158.38,158.1097,158.38,158.38,0
2026-08-13 18:55:00,158.1127,158.3,158.1127,158.3,158.3,0
2026-08-13 19:00:00,158.38,158.4,158.38,158.38,158.38,0
2026-08-13 19:05:00,158.18,158.4,157.6395,158.4,158.4,0
2026-08-13 19:10:00,157.35,158.4,157.35,158.4,158.4,0
2026-08-13 19:15:00,158.2373,158.39,158.2373,158.2373,158.2373,0
2026-08-13 19:20:00,157.35,158.1,157.35,158.0,158.0,0
2026-08-13 19:25:00,157.35,158.1,157.35,158.1,158.1,0
2026-08-13 19:30:00,158.18,158.2,158.08,158.08,158.08,0
2026-08-13 19:35:00,158.2,158.3,157.35,158.1385,158.1385,0
2026-08-13 19:40:00,158.3,158.3,158.06,158.06,158.06,0
2026-08-13 19:45:00,158.06,158.4,157.875,158.4,158.4,0
2026-08-13 19:50:00,157.5127,158.1,157.5127,158.06,158.06,0
2026-08-13 19:55:00,157.875,158.4,157.35,158.16,158.16,0
2026-08-14 04:00:00,158.7988,158.7988,153.0012,157.95,157.95,0
2026-08-14 04:05:00,158.03,158.04,156.5012,156.5012,156.5012,0
2026-08-14 04:10:00,158.294,158.294,158.294,158.294,158.294,0
2026-08-14 04:15:00,157.85,158.294,157.42,158.294,158.294,0
2026-08-14 04:30:00,156.5,156.5,156.5,156.5,156.5,0
2026-08-14 04:40:00,157.53,157.74,157.53,157.74,157.74,0
2026-08-14 04:50:00,157.7,157.7,157.7,157.7,157.7,0
2026-08-14 05:05:00,157.5,157.5,157.34,157.34,157.34,0
2026-08-14 05:10:00,156.5012,158.34,156.5012,158.34,158.34,0
2026-08-14 05:20:00,157.27,157.27,156.5,156.5012,156.5012,0
2026-08-14 05:25:00,156.6462,156.6462,156.6462,156.6462,156.6462,0
2026-08-14 05:40:00,157.65,157.66,157.65,157.66,157.66,0
2026-08-14 05:45:00,158.294,158.294,158.294,158.294,158.294,0
2026-08-14 05:55:00,156.646,157.3,156.646,157.3,157.3,0
2026-08-14 06:00:00,157.42,157.42,157.41,157.41,157.41,0
2026-08-14 06:15:00,157.69,157.69,157.69,157.69,157.69,0
2026-08-14 06:35:00,158.34,158.34,157.69,157.69,157.69,0
2026-08-14 06:40:00,157.42,157.42,157.42,157.42,157.42,0
2026-08-14 06:45:00,156.546,156.546,156.546,156.546,156.546,0
2026-08-14 07:00:00,157.69,158.2,157.56,158.2,158.2,0
2026-08-14 07:05:00,157.54,157.54,156.5,157.35,157.35,0
2026-08-14 07:10:00,157.43,157.5,157.2007,157.42,157.42,0
2026-08-14 07:15:00,157.49,157.49,157.42,157.42,157.42,0
2026-08-14 07:20:00,157.43,157.4985,157.42,157.49,157.49,0
2026-08-14 07:25:00,157.53,158.0791,157.42,157.46,157.46,0
2026-08-14 07:30:00,157.43,158.2,157.43,158.2,158.2,0
2026-08-14 07:35:00,157.4212,157.68,157.4212,157.68,157.68,0
2026-08-14 07:40:00,157.42,157.42,157.42,157.42,157.42,0
2026-08-14 07:45:00,158.1805,158.1805,157.5409,157.5409,157.5409,0
2026-08-14 07:50:00,157.58,158.18,157.51,157.64,157.64,0
2026-08-14 07:55:00,157.5,157.7,157.5,157.5,157.5,0
2026-08-14 08:00:00,157.5,157.5,157.45,157.45,157.45,0
2026-08-14 08:05:00,157.5009,158.18,157.5009,158.18,158.18,0
2026-08-14 08:10:00,158.18,158.18,157.01,157.01,157.01,0
2026-08-14 08:15:00,157.3,158.18,157.1913,158.18,158.18,0
2026-08-14 08:25:00,157.45,158.18,157.45,158.0669,158.0669,0
2026-08-14 08:30:00,157.45,157.7,157.45,157.6706,157.6706,0
2026-08-14 08:35:00,157.52,157.69,157.52,157.69,157.69,0
2026-08-14 08:40:00,157.6,157.9,157.6,157.9,157.9,0
2026-08-14 08:45:00,158.1,158.1,157.6775,157.68,157.68,0
2026-08-14 08:50:00,157.9,158.0,157.75,157.94,157.94,0
2026-08-14 08:55:00,157.97,157.97,157.97,157.97,157.97,0
2026-08-14 09:00:00,157.97,157.99,157.75,157.8,157.8,0
2026-08-14 09:05:00,157.66,158.0,157.66,158.0,158.0,0
2026-08-14 09:10:00,158.06,158.06,157.9,157.9,157.9,0
2026-08-14 09:15:00,158.0,158.18,157.8501,157.86,157.86,0
2026-08-14 09:20:00,157.99,158.0704,157.9,157.9,157.9,0
2026-08-14 09:25:00,157.0,158.33,156.55,158.33,158.33,0
2026-08-14 09:30:00,158.52999877929688,158.8699951171875,157.47169494628906,158.0,158.0,256301
2026-08-14 09:35:00,157.9949951171875,158.20599365234375,156.8300018310547,157.4499969482422,157.4499969482422,95591
2026-08-14 09:40:00,157.4499053955078,157.88999938964844,156.86000061035156,157.10499572753906,157.10499572753906,92059
2026-08-14 09:45:00,157.1999969482422,157.32870483398438,156.25999450683594,156.2899932861328,156.2899932861328,101902
2026-08-14 09:50:00,156.27000427246094,156.7100067138672,155.9250030517578,156.2050018310547,156.2050018310547,96135
2026-08-14 09:55:00,156.25750732421875,156.8699951171875,156.0399932861328,156.8699951171875,156.8699951171875,86480
2026-08-14 10:00:00,156.91000366210938,157.02999877929688,155.7624969482422,155.77999877929688,155.77999877929688,102340
2026-08-14 10:05:00,155.72999572753906,156.08999633789062,155.1999969482422,155.2449951171875,155.2449951171875,60722
2026-08-14 10:10:00,155.35000610351562,155.82000732421875,155.25999450683594,155.33999633789062,155.33999633789062,52092
2026-08-14 10:15:00,155.35499572753906,155.40499877929688,154.6699981689453,154.72999572753906,154.72999572753906,168454
2026-08-14 10:20:00,154.74000549316406,155.389892578125,154.72999572753906,155.0998992919922,155.0998992919922,82613
2026-08-14 10:25:00,155.02999877929688,155.0399932861328,154.38999938964844,154.5749969482422,154.5749969482422,48788
2026-08-14 10:30:00,154.45669555664062,154.6699981689453,154.2209930419922,154.31500244140625,154.31500244140625,132240
2026-08-14 10:35:00,154.4499969482422,154.72999572753906,154.07400512695312,154.11500549316406,154.11500549316406,65308
2026-08-14 10:40:00,154.2100067138672,154.2100067138672,153.55259704589844,153.8699951171875,153.8699951171875,57594
2026-08-14 10:45:00,153.98350524902344,153.98350524902344,153.38999938964844,153.64999389648438,153.64999389648438,83485
2026-08-14 10:50:00,153.63999938964844,153.7382049560547,153.3699951171875,153.5,153.5,47875
2026-08-14 10:55:00,153.4250030517578,153.69000244140625,153.33999633789062,153.47500610351562,153.47500610351562,36045
2026-08-14 11:00:00,153.44000244140625,153.85000610351562,153.37010192871094,153.77999877929688,153.77999877929688,43362
2026-08-14 11:05:00,153.8300018310547,154.05990600585938,153.7050018310547,153.9499969482422,153.9499969482422,45385
2026-08-14 11:10:00,153.9600067138672,154.07000732421875,153.75,154.06500244140625,154.06500244140625,56615
2026-08-14 11:15:00,154.06500244140625,154.27000427246094,153.67999267578125,153.85000610351562,153.85000610351562,46733
2026-08-14 11:20:00,153.86500549316406,154.14999389648438,153.8000030517578,154.07000732421875,154.07000732421875,38048
2026-08-14 11:25:00,154.02999877929688,154.27999877929688,153.91000366210938,154.27999877929688,154.27999877929688,39614
2026-08-14 11:30:00,154.25999450683594,154.49000549316406,154.22000122070312,154.2899932861328,154.2899932861328,42877
2026-08-14 11:35:00,154.3000030517578,154.52000427246094,154.25999450683594,154.41580200195312,154.41580200195312,21974
2026-08-14 11:40:00,154.4499969482422,154.7799072265625,154.3699951171875,154.67999267578125,154.67999267578125,46575
2026-08-14 11:45:00,154.72000122070312,154.8699951171875,154.64999389648438,154.8300018310547,154.8300018310547,35016
2026-08-14 11:50:00,154.8300018310547,155.3000030517578,154.81129455566406,155.05999755859375,155.05999755859375,92858
2026-08-14 11:55:00,155.05999755859375,155.1199951171875,154.97799682617188,154.9949951171875,154.9949951171875,26598
2026-08-14 12:00:00,155.0500030517578,155.07000732421875,154.60279846191406,154.63999938964844,154.63999938964844,48305
2026-08-14 12:05:00,154.63999938964844,154.76499938964844,154.52499389648438,154.52999877929688,154.52999877929688,25736
2026-08-14 12:10:00,154.58999633789062,154.68499755859375,154.47999572753906,154.63999938964844,154.63999938964844,28054
2026-08-14 12:15:00,154.60499572753906,154.60499572753906,154.11500549316406,154.13999938964844,154.13999938964844,41405
2026-08-14 12:20:00,154.14010620117188,154.22999572753906,154.07009887695312,154.10499572753906,154.10499572753906,31082
2026-08-14 12:25:00,154.09500122070312,154.55999755859375,154.09500122070312,154.41000366210938,154.41000366210938,51771
2026-08-14 12:30:00,154.4149932861328,154.5399932861328,154.35000610351562,154.35000610351562,154.35000610351562,24032
2026-08-14 12:35:00,154.30999755859375,154.44500732421875,154.22000122070312,154.40499877929688,154.40499877929688,43600
2026-08-14 12:40:00,154.41000366210938,154.49000549316406,154.35000610351562,154.35000610351562,154.35000610351562,47421
2026-08-14 12:45:00,154.33999633789062,154.4600067138672,154.13499450683594,154.2899932861328,154.2899932861328,47124
2026-08-14 12:50:00,154.22999572753906,154.52000427246094,154.11000061035156,154.49000549316406,154.49000549316406,51616
2026-08-14 12:55:00,154.52000427246094,154.625,154.35110473632812,154.35110473632812,154.35110473632812,26181
2026-08-14 13:00:00,154.3800048828125,154.47999572753906,154.25,154.25,154.25,26173
2026-08-14 13:05:00,154.2550048828125,154.41000366210938,154.14500427246094,154.16000366210938,154.16000366210938,29362
2026-08-14 13:10:00,154.17999267578125,154.4499969482422,154.17999267578125,154.4499969482422,154.4499969482422,38559
2026-08-14 13:15:00,154.4600067138672,154.52999877929688,154.25999450683594,154.3000030517578,154.3000030517578,42154
2026-08-14 13:20:00,154.2949981689453,154.3350067138672,154.16140747070312,154.2899932861328,154.2899932861328,30588
2026-08-14 13:25:00,154.2899932861328,154.47500610351562,154.24000549316406,154.47000122070312,154.47000122070312,23581
2026-08-14 13:30:00,154.49000549316406,154.60000610351562,154.39999389648438,154.4550018310547,154.4550018310547,33576
2026-08-14 13:35:00,154.43499755859375,154.47000122070312,154.28500366210938,154.41000366210938,154.41000366210938,39642
2026-08-14 13:40:00,154.375,154.5500030517578,154.3699951171875,154.50999450683594,154.50999450683594,24121
2026-08-14 13:45:00,154.50999450683594,154.6300048828125,154.47000122070312,154.60000610351562,154.60000610351562,30825
2026-08-14 13:50:00,154.5850067138672,154.8498992919922,154.5800018310547,154.74000549316406,154.74000549316406,21116
2026-08-14 13:55:00,154.72000122070312,155.0050048828125,154.69000244140625,154.88999938964844,154.88999938964844,41126
2026-08-14 14:00:00,154.94569396972656,154.9644012451172,154.81019592285156,154.91000366210938,154.91000366210938,159619
2026-08-14 14:05:00,154.91000366210938,154.9333038330078,154.57000732421875,154.6699981689453,154.6699981689453,35883
2026-08-14 14:10:00,154.6750030517578,154.91000366210938,154.6750030517578,154.91000366210938,154.91000366210938,28109
2026-08-14 14:15:00,154.88999938964844,154.99000549316406,154.74000549316406,154.99000549316406,154.99000549316406,27818
2026-08-14 14:20:00,154.97500610351562,155.02999877929688,154.86000061035156,154.97000122070312,154.97000122070312,19202
2026-08-14 14:25:00,155.00999450683594,155.05999755859375,154.77999877929688,154.7949981689453,154.7949981689453,40188
2026-08-14 14:30:00,154.80999755859375,154.89999389648438,154.8000030517578,154.86500549316406,154.86500549316406,16887
2026-08-14 14:35:00,154.8699951171875,155.0399932861328,154.8699951171875,154.99000549316406,154.99000549316406,21892
2026-08-14 14:40:00,154.9499969482422,155.02000427246094,154.75999450683594,154.99310302734375,154.99310302734375,32302
2026-08-14 14:45:00,154.98500061035156,155.1699981689453,154.98500061035156,155.1011962890625,155.1011962890625,49798
2026-08-14 14:50:00,155.1300048828125,155.22500610351562,155.04010009765625,155.05999755859375,155.05999755859375,45129
2026-08-14 14:55:00,155.07000732421875,155.08999633789062,154.88999938964844,155.02999877929688,155.02999877929688,29299
2026-08-14 15:00:00,155.05999755859375,155.07000732421875,154.58999633789062,154.58999633789062,154.58999633789062,102519
2026-08-14 15:05:00,154.60000610351562,154.7050018310547,154.5,154.69500732421875,154.69500732421875,39124
2026-08-14 15:10:00,154.7050018310547,154.94000244140625,154.64999389648438,154.94000244140625,154.94000244140625,18789
2026-08-14 15:15:00,154.89999389648438,155.11000061035156,154.82000732421875,155.11000061035156,155.11000061035156,62127
2026-08-14 15:20:00,155.08999633789062,155.14999389648438,154.86000061035156,154.8699951171875,154.8699951171875,55282
2026-08-14 15:25:00,154.8300018310547,154.99000549316406,154.80999755859375,154.98500061035156,154.98500061035156,41706
2026-08-14 15:30:00,154.9499969482422,155.1999969482422,154.9499969482422,155.19000244140625,155.19000244140625,80404
2026-08-14 15:35:00,155.19000244140625,155.4600067138672,155.1300048828125,155.1649932861328,155.1649932861328,113846
2026-08-14 15:40:00,155.125,155.19000244140625,154.88999938964844,154.97999572753906,154.97999572753906,68842
2026-08-14 15:45:00,155.0,155.0399932861328,153.74000549316406,154.4199981689453,154.4199981689453,252474
2026-08-14 15:50:00,154.33999633789062,154.61000061035156,154.0800018310547,154.0800018310547,154.0800018310547,204780
2026-08-14 15:55:00,154.05999755859375,154.47999572753906,153.9499969482422,154.34500122070312,154.34500122070312,419896
2026-08-14 16:00:00,154.32,154.54,153.9,154.32,154.32,0
2026-08-14 16:05:00,154.3,154.3,153.79,154.2632,154.2632,0
2026-08-14 16:10:00,154.32,154.32,154.32,154.32,154.32,0
2026-08-14 16:15:00,154.32,154.35,154.15,154.35,154.35,0
2026-08-14 16:20:00,154.15,154.15,154.15,154.15,154.15,0
2026-08-14 16:25:00,154.2,154.2,153.79,153.79,153.79,0
2026-08-14 16:30:00,154.49,154.4928,154.28,154.28,154.28,0
2026-08-14 16:35:00,154.54,154.54,154.53,154.54,154.54,0
2026-08-14 16:40:00,154.53,154.53,154.33,154.5212,154.5212,0
2026-08-14 16:45:00,154.54,154.54,154.5,154.5,154.5,0
2026-08-14 16:50:00,154.4029,154.48,154.4029,154.48,154.48,0
2026-08-14 16:55:00,154.15,154.15,154.15,154.15,154.15,0
2026-08-14 17:05:00,153.5,154.25,153.5,154.25,154.25,0
2026-08-14 17:10:00,153.5,154.5,153.5,154.5,154.5,0
2026-08-14 17:25:00,154.32,154.4253,154.2167,154.2167,154.2167,0
2026-08-14 17:30:00,154.32,154.54,154.24,154.54,154.54,0
2026-08-14 17:35:00,153.8,154.54,153.8,154.4318,154.4318,0
2026-08-14 17:45:00,154.3921,154.3921,154.3921,154.3921,154.3921,0
2026-08-14 17:50:00,154.16,154.16,154.16,154.16,154.16,0
2026-08-14 18:00:00,154.42,154.42,154.42,154.42,154.42,0
2026-08-14 18:10:00,154.452,154.54,154.31,154.5388,154.5388,0
2026-08-14 18:15:00,154.43,154.43,154.43,154.43,154.43,0
2026-08-14 18:20:00,154.4,154.4933,154.3052,154.4933,154.4933,0
2026-08-14 18:25:00,154.32,154.32,154.31,154.31,154.31,0
2026-08-14 18:30:00,154.3,154.3,154.3,154.3,154.3,0
2026-08-14 18:40:00,154.5,154.5,154.5,154.5,154.5,0
2026-08-14 18:45:00,154.2949,154.54,154.2949,154.54,154.54,0
2026-08-14 18:50:00,154.3,154.3,154.3,154.3,154.3,0
2026-08-14 18:55:00,154.3052,154.54,154.3052,154.54,154.54,0
2026-08-14 19:00:00,154.9812,154.9999,154.9812,154.9999,154.9999,0
2026-08-14 19:05:00,154.25,154.25,154.25,154.25,154.25,0
2026-08-14 19:10:00,154.25,154.25,154.25,154.25,154.25,0
2026-08-14 19:15:00,154.25,154.25,154.25,154.25,154.25,0
2026-08-14 19:30:00,154.25,154.25,154.25,154.25,154.25,0
2026-08-14 19:40:00,154.42,154.42,154.2501,154.2501,154.2501,0
2026-08-14 19:45:00,154.5,154.5,154.5,154.5,154.5,0
2026-08-14 19:50:00,154.44,154.7,154.44,154.7,154.7,0
2026-08-14 19:55:00,154.59,154.59,154.34,154.45,154.45,0
2026-08-17 04:00:00,152.1212,153.9988,152.1212,153.2,153.2,0
2026-08-17 04:05:00,153.2,153.52,153.2,153.52,153.52,0
2026-08-17 04:15:00,153.26,153.26,153.26,153.26,153.26,0
2026-08-17 04:20:00,153.05,153.05,152.12,152.12,152.12,0
2026-08-17 04:25:00,152.12,153.65,152.12,153.134,153.134,0
2026-08-17 04:30:00,152.53,152.53,152.3,152.3,152.3,0
2026-08-17 04:35:00,152.38,152.81,150.0317,150.11,150.11,0
2026-08-17 04:40:00,150.58,150.72,150.01,150.72,150.72,0
2026-08-17 04:45:00,150.6,150.74,150.59,150.7,150.7,0
2026-08-17 04:50:00,150.7,150.72,150.7,150.72,150.72,0
2026-08-17 04:55:00,150.72,150.961,150.7,150.74,150.74,0
2026-08-17 05:00:00,150.8,152.22,150.8,151.9788,151.9788,0
2026-08-17 05:10:00,151.0,151.01,151.0,151.0,151.0,0
2026-08-17 05:20:00,151.0,151.4875,151.0,151.0,151.0,0
2026-08-17 05:25:00,151.0,151.09,151.0,151.09,151.09,0
2026-08-17 05:30:00,151.15,151.16,151.15,151.16,151.16,0
2026-08-17 05:35:00,151.01,151.01,150.7,150.7,150.7,0
2026-08-17 05:40:00,150.74,151.7,150.74,151.7,151.7,0
2026-08-17 05:45:00,151.3945,151.3945,151.3945,151.3945,151.3945,0
2026-08-17 05:50:00,151.38,151.38,151.2677,151.2677,151.2677,0
2026-08-17 05:55:00,151.01,151.01,150.9,150.9,150.9,0
2026-08-17 06:05:00,151.0,151.068,151.0,151.01,151.01,0
2026-08-17 06:10:00,151.38,151.38,150.6012,150.6012,150.6012,0
2026-08-17 06:15:00,151.01,151.01,151.0,151.0,151.0,0
2026-08-17 06:20:00,151.0,151.0,151.0,151.0,151.0,0
2026-08-17 06:25:00,151.12,151.14,151.12,151.14,151.14,0
2026-08-17 06:30:00,151.41,151.41,151.41,151.41,151.41,0
2026-08-17 06:40:00,151.2,151.2,151.2,151.2,151.2,0
2026-08-17 06:45:00,151.2,151.2,151.2,151.2,151.2,0
2026-08-17 06:50:00,151.3,151.3,151.3,151.3,151.3,0
2026-08-17 06:55:00,151.0932,151.2,151.0932,151.2,151.2,0
2026-08-17 07:00:00,151.6,151.6,151.19,151.19,151.19,0
2026-08-17 07:05:00,151.52,151.52,151.1789,151.1789,151.1789,0
2026-08-17 07:10:00,151.41,151.41,151.15,151.26,151.26,0
2026-08-17 07:15:00,151.23,151.7,151.19,151.3612,151.3612,0
2026-08-17 07:20:00,151.8588,151.8588,151.8,151.8,151.8,0
2026-08-17 07:25:00,151.69,152.01,151.37,151.89,151.89,0
2026-08-17 07:30:00,151.9,152.01,151.86,151.9424,151.9424,0
2026-08-17 07:35:00,151.86,151.9,151.8,151.85,151.85,0
2026-08-17 07:40:00,151.79,152.23,151.7327,151.7327,151.7327,0
2026-08-17 07:45:00,151.85,151.97,151.74,151.97,151.97,0
2026-08-17 07:50:00,151.9,151.98,151.8,151.9359,151.9359,0
2026-08-17 07:55:00,151.88,151.88,151.88,151.88,151.88,0
2026-08-17 08:00:00,151.98,151.98,151.98,151.98,151.98,0
2026-08-17 08:05:00,151.79,151.79,151.44,151.44,151.44,0
2026-08-17 08:10:00,151.65,151.9665,151.51,151.9665,151.9665,0
2026-08-17 08:15:00,151.4412,151.71,151.38,151.38,151.38,0
2026-08-17 08:20:00,151.3072,151.4142,151.3072,151.4142,151.4142,0
2026-08-17 08:25:00,151.45,151.49,151.27,151.49,151.49,0
2026-08-17 08:30:00,151.45,151.7007,151.45,151.7007,151.7007,0
2026-08-17 08:35:00,151.6483,151.6483,151.6483,151.6483,151.6483,0
2026-08-17 08:40:00,151.6373,151.69,151.37,151.37,151.37,0
2026-08-17 08:45:00,151.5,151.5,151.3,151.3379,151.3379,0
2026-08-17 08:50:00,151.3,151.8746,151.3,151.8746,151.8746,0
2026-08-17 08:55:00,151.42,151.42,151.42,151.42,151.42,0
2026-08-17 09:00:00,151.64,151.9,151.575,151.6,151.6,0
2026-08-17 09:05:00,151.9,151.9,151.6,151.807,151.807,0
2026-08-17 09:10:00,151.23,151.8,151.23,151.2312,151.2312,0
2026-08-17 09:15:00,151.69,151.8,151.24,151.41,151.41,0
2026-08-17 09:20:00,151.5,151.7488,151.48,151.7,151.7,0
2026-08-17 09:25:00,151.8273,152.74,151.25,152.74,152.74,0
2026-08-17 09:30:00,152.50999450683594,152.9600067138672,151.75,152.9600067138672,152.9600067138672,196581
2026-08-17 09:35:00,152.92999267578125,153.2949981689453,151.21009826660156,151.30999755859375,151.30999755859375,82346
2026-08-17 09:40:00,151.3195037841797,151.39950561523438,150.13999938964844,150.22500610351562,150.22500610351562,98771
2026-08-17 09:45:00,150.1699981689453,150.4199981689453,149.69760131835938,150.1699981689453,150.1699981689453,131730
2026-08-17 09:50:00,150.02999877929688,150.7899932861328,149.97650146484375,150.52999877929688,150.52999877929688,95559
2026-08-17 09:55:00,150.53500366210938,150.53500366210938,149.86000061035156,150.19000244140625,150.19000244140625,98536
2026-08-17 10:00:00,150.2100067138672,150.32000732421875,149.5,150.1199951171875,150.1199951171875,91450
2026-08-17 10:05:00,150.19000244140625,150.3249969482422,149.94410705566406,150.24000549316406,150.24000549316406,76889
2026-08-17 10:10:00,150.22500610351562,150.9199981689453,150.22500610351562,150.7899932861328,150.7899932861328,97934
2026-08-17 10:15:00,150.78500366210938,150.91000366210938,150.39190673828125,150.64999389648438,150.64999389648438,96914
2026-08-17 10:20:00,150.57969665527344,150.99000549316406,150.30999755859375,150.42999267578125,150.42999267578125,61830
2026-08-17 10:25:00,150.4600067138672,150.5395050048828,150.25,150.5,150.5,84478
2026-08-17 10:30:00,150.5,150.60989379882812,149.91000366210938,149.9600067138672,149.9600067138672,68231
2026-08-17 10:35:00,149.9199981689453,150.1967010498047,149.7899932861328,150.00999450683594,150.00999450683594,60246
2026-08-17 10:40:00,150.00999450683594,150.48939514160156,150.00999450683594,150.26499938964844,150.26499938964844,90689
2026-08-17 10:45:00,150.19000244140625,150.2884979248047,150.0,150.18499755859375,150.18499755859375,68347
2026-08-17 10:50:00,150.2050018310547,150.25999450683594,150.05999755859375,150.10000610351562,150.10000610351562,44614
2026-08-17 10:55:00,150.10000610351562,150.3300018310547,149.97000122070312,150.27000427246094,150.27000427246094,55496
2026-08-17 11:00:00,150.25,150.4499969482422,150.02999877929688,150.36000061035156,150.36000061035156,97476
2026-08-17 11:05:00,150.35000610351562,150.47000122070312,150.22999572753906,150.32000732421875,150.32000732421875,62769
2026-08-17 11:10:00,150.36000061035156,150.69000244140625,150.29359436035156,150.5800018310547,150.5800018310547,59595
2026-08-17 11:15:00,150.52999877929688,150.6300048828125,150.30499267578125,150.4499969482422,150.4499969482422,67593
2026-08-17 11:20:00,150.4199981689453,150.75,150.27000427246094,150.36000061035156,150.36000061035156,47306
2026-08-17 11:25:00,150.35000610351562,150.4550018310547,150.27000427246094,150.31500244140625,150.31500244140625,60203
2026-08-17 11:30:00,150.27000427246094,150.27000427246094,149.63999938964844,149.77999877929688,149.77999877929688,159562
2026-08-17 11:35:00,149.77999877929688,150.11000061035156,149.77000427246094,150.03500366210938,150.03500366210938,58795
2026-08-17 11:40:00,150.00999450683594,150.4600067138672,149.99000549316406,150.3699951171875,150.3699951171875,64728
2026-08-17 11:45:00,150.3699951171875,150.55999755859375,150.1804962158203,150.4600067138672,150.4600067138672,79633
2026-08-17 11:50:00,150.44500732421875,150.58999633789062,150.27000427246094,150.28500366210938,150.28500366210938,44821
2026-08-17 11:55:00,150.2550048828125,150.2550048828125,150.0399932861328,150.0800018310547,150.0800018310547,33729
2026-08-17 12:00:00,150.08999633789062,150.10000610351562,149.6300048828125,149.75999450683594,149.75999450683594,86671
2026-08-17 12:05:00,149.76499938964844,149.86000061035156,149.50999450683594,149.55999755859375,149.55999755859375,42240
2026-08-17 12:10:00,149.5500030517578,149.64999389648438,149.41119384765625,149.63999938964844,149.63999938964844,52764
2026-08-17 12:15:00,149.5500030517578,149.60000610351562,149.1999969482422,149.25,149.25,114906
2026-08-17 12:20:00,149.25900268554688,149.4149932861328,149.17999267578125,149.22000122070312,149.22000122070312,104744
2026-08-17 12:25:00,149.22999572753906,149.22999572753906,148.91000366210938,149.1199951171875,149.1199951171875,94954
2026-08-17 12:30:00,149.125,149.4199981689453,149.0449981689453,149.07000732421875,149.07000732421875,102718
2026-08-17 12:35:00,149.07000732421875,149.6199951171875,149.02999877929688,149.5800018310547,149.5800018310547,127450
2026-08-17 12:40:00,149.58999633789062,149.58999633789062,149.08999633789062,149.33999633789062,149.33999633789062,39368
2026-08-17 12:45:00,149.34500122070312,149.8800048828125,149.34500122070312,149.73500061035156,149.73500061035156,52099
2026-08-17 12:50:00,149.74000549316406,149.75,149.4600067138672,149.625,149.625,46913
2026-08-17 12:55:00,149.625,149.63999938964844,149.4600067138672,149.47000122070312,149.47000122070312,32116
2026-08-17 13:00:00,149.47999572753906,149.5399932861328,149.27000427246094,149.3300018310547,149.3300018310547,136257
2026-08-17 13:05:00,149.32000732421875,149.32000732421875,149.16000366210938,149.1649932861328,149.1649932861328,45762
2026-08-17 13:10:00,149.1898956298828,149.1999969482422,148.80999755859375,148.82000732421875,148.82000732421875,46346
2026-08-17 13:15:00,148.7801055908203,148.92999267578125,148.4550018310547,148.47000122070312,148.47000122070312,95904
2026-08-17 13:20:00,148.48500061035156,148.52999877929688,148.16000366210938,148.2550048828125,148.2550048828125,65525
2026-08-17 13:25:00,148.22999572753906,148.49000549316406,148.22999572753906,148.41000366210938,148.41000366210938,53327
2026-08-17 13:30:00,148.41000366210938,148.66000366210938,148.27499389648438,148.58999633789062,148.58999633789062,52002
2026-08-17 13:35:00,148.58999633789062,148.90809631347656,148.58999633789062,148.65499877929688,148.65499877929688,50619
2026-08-17 13:40:00,148.64500427246094,149.0800018310547,148.64500427246094,148.97999572753906,148.97999572753906,61014
2026-08-17 13:45:00,149.00999450683594,149.25999450683594,148.92999267578125,148.96499633789062,148.96499633789062,67306
2026-08-17 13:50:00,148.97000122070312,149.1199951171875,148.94000244140625,149.00999450683594,149.00999450683594,53156
2026-08-17 13:55:00,148.97999572753906,149.06500244140625,148.9499969482422,149.0,149.0,55131
2026-08-17 14:00:00,148.9949951171875,149.14999389648438,148.83999633789062,149.01559448242188,149.01559448242188,79585
2026-08-17 14:05:00,149.0399932861328,149.41000366210938,149.02200317382812,149.27999877929688,149.27999877929688,55341
2026-08-17 14:10:00,149.27999877929688,149.36500549316406,148.85499572753906,149.13999938964844,149.13999938964844,120680
2026-08-17 14:15:00,149.13999938964844,149.22999572753906,149.02000427246094,149.02999877929688,149.02999877929688,61951
2026-08-17 14:20:00,149.00999450683594,149.1750030517578,148.75999450683594,149.1707000732422,149.1707000732422,46573
2026-08-17 14:25:00,149.19500732421875,149.39990234375,149.19500732421875,149.3249969482422,149.3249969482422,42458
2026-08-17 14:30:00,149.3249969482422,149.3800048828125,149.0399932861328,149.20249938964844,149.20249938964844,68789
2026-08-17 14:35:00,149.30999755859375,149.5,149.21499633789062,149.38999938964844,149.38999938964844,47600
2026-08-17 14:40:00,149.38999938964844,149.4810028076172,149.27999877929688,149.27999877929688,149.27999877929688,39798
2026-08-17 14:45:00,149.2949981689453,149.38999938964844,149.16259765625,149.35000610351562,149.35000610351562,49117
2026-08-17 14:50:00,149.3574981689453,149.50999450683594,149.35499572753906,149.43499755859375,149.43499755859375,49011
2026-08-17 14:55:00,149.43499755859375,149.6699981689453,149.38999938964844,149.6699981689453,149.6699981689453,55829
2026-08-17 15:00:00,149.61000061035156,149.6699981689453,149.47999572753906,149.61000061035156,149.61000061035156,41375
2026-08-17 15:05:00,149.58999633789062,149.69500732421875,149.52999877929688,149.69500732421875,149.69500732421875,34044
2026-08-17 15:10:00,149.67999267578125,149.8699951171875,149.58999633789062,149.85499572753906,149.85499572753906,55637
2026-08-17 15:15:00,149.8300018310547,150.0500030517578,149.64999389648438,149.82000732421875,149.82000732421875,90501
2026-08-17 15:20:00,149.8000030517578,149.85000610351562,149.55999755859375,149.6699981689453,149.6699981689453,98268
2026-08-17 15:25:00,149.66000366210938,149.74000549316406,149.4532012939453,149.52000427246094,149.52000427246094,89302
2026-08-17 15:30:00,149.5,149.55999755859375,149.07000732421875,149.07000732421875,149.07000732421875,88297
2026-08-17 15:35:00,149.0800018310547,149.13999938964844,148.63999938964844,148.63999938964844,148.63999938964844,172440
2026-08-17 15:40:00,148.63999938964844,149.0800018310547,148.6300048828125,149.03500366210938,149.03500366210938,133880
2026-08-17 15:45:00,149.0500030517578,149.1300048828125,148.9199981689453,148.97000122070312,148.97000122070312,130413
2026-08-17 15:50:00,148.97500610351562,148.97500610351562,148.47000122070312,148.75,148.75,283014
2026-08-17 15:55:00,148.6999969482422,148.82000732421875,148.5399932861328,148.5800018310547,148.5800018310547,751847
2026-08-17 16:00:00,148.65,149.0,148.4,148.65,148.65,0
2026-08-17 16:05:00,148.5,149.0,148.42,149.0,149.0,0
2026-08-17 16:10:00,148.65,148.8,148.4,148.8,148.8,0
2026-08-17 16:15:00,148.65,149.0,148.4,149.0,149.0,0
2026-08-17 16:20:00,148.75,149.0,148.5,148.8,148.8,0
2026-08-17 16:25:00,148.8,148.8,148.8,148.8,148.8,0
2026-08-17 16:30:00,148.528,148.8,148.528,148.8,148.8,0
2026-08-17 16:35:00,148.75,148.79,148.75,148.79,148.79,0
2026-08-17 16:40:00,148.99,149.0,148.65,148.65,148.65,0
2026-08-17 16:45:00,148.65,149.0,148.65,149.0,149.0,0
2026-08-17 16:50:00,149.0,149.0,149.0,149.0,149.0,0
2026-08-17 16:55:00,149.0,149.0,149.0,149.0,149.0,0
2026-08-17 17:00:00,148.6,148.6,148.6,148.6,148.6,0
2026-08-17 17:05:00,149.0,149.0,149.0,149.0,149.0,0
2026-08-17 17:10:00,148.8992,148.9,148.88,148.9,148.9,0
2026-08-17 17:15:00,149.0,149.0,149.0,149.0,149.0,0
2026-08-17 17:20:00,148.7138,148.7138,148.7138,148.7138,148.7138,0
2026-08-17 17:25:00,148.85,148.9999,148.67,148.9999,148.9999,0
2026-08-17 17:30:00,148.75,148.9875,148.74,148.9196,148.9196,0
2026-08-17 17:35:00,148.9225,148.9225,148.9225,148.9225,148.9225,0
2026-08-17 17:40:00,148.76,148.92,148.56,148.92,148.92,0
2026-08-17 17:45:00,148.5,148.92,148.5,148.92,148.92,0
2026-08-17 17:50:00,148.6676,148.75,148.5,148.75,148.75,0
2026-08-17 17:55:00,148.5,149.0,148.5,149.0,149.0,0
2026-08-17 18:00:00,148.6633,149.0,148.5125,149.0,149.0,0
2026-08-17 18:05:00,148.92,148.92,148.92,148.92,148.92,0
2026-08-17 18:10:00,149.0,149.0,149.0,149.0,149.0,0
2026-08-17 18:15:00,148.5,148.7082,148.5,148.5,148.5,0
2026-08-17 18:20:00,148.5775,148.5775,148.5775,148.5775,148.5775,0
2026-08-17 18:30:00,148.8213,148.8213,148.5211,148.72,148.72,0
2026-08-17 18:35:00,148.8296,148.8296,148.8296,148.8296,148.8296,0
2026-08-17 18:40:00,148.5097,148.5097,148.5097,148.5097,148.5097,0
2026-08-17 18:45:00,148.78,148.8328,148.6,148.8328,148.8328,0
2026-08-17 19:05:00,148.8,148.8,148.8,148.8,148.8,0
2026-08-17 19:30:00,148.6,148.6,148.6,148.6,148.6,0
2026-08-17 19:35:00,148.6,148.631,148.6,148.631,148.631,0
2026-08-17 19:40:00,148.631,148.631,148.631,148.631,148.631,0
2026-08-17 19:45:00,148.5075,148.7566,148.5,148.7566,148.7566,0
2026-08-17 19:50:00,148.74,148.74,148.74,148.74,148.74,0
2026-08-17 19:55:00,148.74,148.8,148.5001,148.69,148.69,0
2026-08-18 04:00:00,145.6012,148.8677,145.6012,148.26,148.26,0
2026-08-18 04:05:00,148.21,148.32,148.21,148.31,148.31,0
2026-08-18 04:10:00,148.51,148.82,148.51,148.82,148.82,0
2026-08-18 04:30:00,148.1,148.99,148.1,148.7,148.7,0
2026-08-18 04:40:00,149.12,149.12,149.12,149.12,149.12,0
2026-08-18 05:20:00,150.2,150.2,149.35,150.2,150.2,0
2026-08-18 05:25:00,149.75,149.75,149.75,149.75,149.75,0
2026-08-18 05:35:00,149.0297,149.0297,149.0297,149.0297,149.0297,0
2026-08-18 05:40:00,149.0,149.0,149.0,149.0,149.0,0
2026-08-18 05:50:00,149.37,149.37,149.37,149.37,149.37,0
2026-08-18 05:55:00,149.0,149.55,149.0,149.55,149.55,0
2026-08-18 06:05:00,149.61,149.61,149.61,149.61,149.61,0
2026-08-18 06:10:00,149.6112,149.6112,149.6112,149.6112,149.6112,0
2026-08-18 06:15:00,149.68,149.68,149.68,149.68,149.68,0
2026-08-18 06:20:00,149.7,149.7,149.7,149.7,149.7,0
2026-08-18 06:25:00,149.65,149.65,149.64,149.64,149.64,0
